created_at,user_followers_count,user_verified,total_tweets,follower_distribution
2020-10-21 00:10:00+00:00,29320,0,1.0,[29320]
2020-10-21 00:15:00+00:00,0,0,0.0,[]
2020-10-21 00:20:00+00:00,0,0,0.0,[]
2020-10-21 00:25:00+00:00,8810,0,1.0,[8810]
2020-10-21 00:30:00+00:00,0,0,0.0,[]
2020-10-21 00:35:00+00:00,1080,0,1.0,[1080]
2020-10-21 00:40:00+00:00,0,0,0.0,[]
2020-10-21 00:45:00+00:00,0,0,0.0,[]
2020-10-21 00:50:00+00:00,0,0,0.0,[]
2020-10-21 00:55:00+00:00,0,0,0.0,[]
2020-10-21 01:00:00+00:00,0,0,0.0,[]
2020-10-21 01:05:00+00:00,0,0,0.0,[]
2020-10-21 01:10:00+00:00,0,0,0.0,[]
2020-10-21 01:15:00+00:00,0,0,0.0,[]
2020-10-21 01:20:00+00:00,0,0,0.0,[]
2020-10-21 01:25:00+00:00,0,0,0.0,[]
2020-10-21 01:30:00+00:00,0,0,0.0,[]
2020-10-21 01:35:00+00:00,0,0,0.0,[]
2020-10-21 01:40:00+00:00,210,0,1.0,[210]
2020-10-21 01:45:00+00:00,0,0,0.0,[]
2020-10-21 01:50:00+00:00,0,0,0.0,[]
2020-10-21 01:55:00+00:00,0,0,0.0,[]
2020-10-21 02:00:00+00:00,0,0,0.0,[]
2020-10-21 02:05:00+00:00,0,0,0.0,[]
2020-10-21 02:10:00+00:00,0,0,0.0,[]
2020-10-21 02:15:00+00:00,0,0,0.0,[]
2020-10-21 02:20:00+00:00,0,0,0.0,[]
2020-10-21 02:25:00+00:00,0,0,0.0,[]
2020-10-21 02:30:00+00:00,0,0,0.0,[]
2020-10-21 02:35:00+00:00,0,0,0.0,[]
2020-10-21 02:40:00+00:00,0,0,0.0,[]
2020-10-21 02:45:00+00:00,0,0,0.0,[]
2020-10-21 02:50:00+00:00,0,0,0.0,[]
2020-10-21 02:55:00+00:00,0,0,0.0,[]
2020-10-21 03:00:00+00:00,0,0,0.0,[]
2020-10-21 03:05:00+00:00,0,0,0.0,[]
2020-10-21 03:10:00+00:00,0,0,0.0,[]
2020-10-21 03:15:00+00:00,0,0,0.0,[]
2020-10-21 03:20:00+00:00,0,0,0.0,[]
2020-10-21 03:25:00+00:00,0,0,0.0,[]
2020-10-21 03:30:00+00:00,0,0,0.0,[]
2020-10-21 03:35:00+00:00,0,0,0.0,[]
2020-10-21 03:40:00+00:00,0,0,0.0,[]
2020-10-21 03:45:00+00:00,0,0,0.0,[]
2020-10-21 03:50:00+00:00,0,0,0.0,[]
2020-10-21 03:55:00+00:00,0,0,0.0,[]
2020-10-21 04:00:00+00:00,0,0,0.0,[]
2020-10-21 04:05:00+00:00,0,0,0.0,[]
2020-10-21 04:10:00+00:00,0,0,0.0,[]
2020-10-21 04:15:00+00:00,0,0,0.0,[]
2020-10-21 04:20:00+00:00,0,0,0.0,[]
2020-10-21 04:25:00+00:00,0,0,0.0,[]
2020-10-21 04:30:00+00:00,0,0,0.0,[]
2020-10-21 04:35:00+00:00,0,0,0.0,[]
2020-10-21 04:40:00+00:00,0,0,0.0,[]
2020-10-21 04:45:00+00:00,0,0,0.0,[]
2020-10-21 04:50:00+00:00,0,0,0.0,[]
2020-10-21 04:55:00+00:00,0,0,0.0,[]
2020-10-21 05:00:00+00:00,0,0,0.0,[]
2020-10-21 05:05:00+00:00,0,0,0.0,[]
2020-10-21 05:10:00+00:00,0,0,0.0,[]
2020-10-21 05:15:00+00:00,0,0,0.0,[]
2020-10-21 05:20:00+00:00,0,0,0.0,[]
2020-10-21 05:25:00+00:00,0,0,0.0,[]
2020-10-21 05:30:00+00:00,0,0,0.0,[]
2020-10-21 05:35:00+00:00,0,0,0.0,[]
2020-10-21 05:40:00+00:00,0,0,0.0,[]
2020-10-21 05:45:00+00:00,0,0,0.0,[]
2020-10-21 05:50:00+00:00,0,0,0.0,[]
2020-10-21 05:55:00+00:00,0,0,0.0,[]
2020-10-21 06:00:00+00:00,0,0,0.0,[]
2020-10-21 06:05:00+00:00,0,0,0.0,[]
2020-10-21 06:10:00+00:00,0,0,0.0,[]
2020-10-21 06:15:00+00:00,0,0,0.0,[]
2020-10-21 06:20:00+00:00,0,0,0.0,[]
2020-10-21 06:25:00+00:00,0,0,0.0,[]
2020-10-21 06:30:00+00:00,0,0,0.0,[]
2020-10-21 06:35:00+00:00,0,0,0.0,[]
2020-10-21 06:40:00+00:00,0,0,0.0,[]
2020-10-21 06:45:00+00:00,0,0,0.0,[]
2020-10-21 06:50:00+00:00,0,0,0.0,[]
2020-10-21 06:55:00+00:00,0,0,0.0,[]
2020-10-21 07:00:00+00:00,0,0,0.0,[]
2020-10-21 07:05:00+00:00,0,0,0.0,[]
2020-10-21 07:10:00+00:00,0,0,0.0,[]
2020-10-21 07:15:00+00:00,0,0,0.0,[]
2020-10-21 07:20:00+00:00,0,0,0.0,[]
2020-10-21 07:25:00+00:00,0,0,0.0,[]
2020-10-21 07:30:00+00:00,0,0,0.0,[]
2020-10-21 07:35:00+00:00,0,0,0.0,[]
2020-10-21 07:40:00+00:00,0,0,0.0,[]
2020-10-21 07:45:00+00:00,0,0,0.0,[]
2020-10-21 07:50:00+00:00,0,0,0.0,[]
2020-10-21 07:55:00+00:00,0,0,0.0,[]
2020-10-21 08:00:00+00:00,0,0,0.0,[]
2020-10-21 08:05:00+00:00,0,0,0.0,[]
2020-10-21 08:10:00+00:00,0,0,0.0,[]
2020-10-21 08:15:00+00:00,0,0,0.0,[]
2020-10-21 08:20:00+00:00,0,0,0.0,[]
2020-10-21 08:25:00+00:00,0,0,0.0,[]
2020-10-21 08:30:00+00:00,0,0,0.0,[]
2020-10-21 08:35:00+00:00,0,0,0.0,[]
2020-10-21 08:40:00+00:00,0,0,0.0,[]
2020-10-21 08:45:00+00:00,0,0,0.0,[]
2020-10-21 08:50:00+00:00,0,0,0.0,[]
2020-10-21 08:55:00+00:00,0,0,0.0,[]
2020-10-21 09:00:00+00:00,0,0,0.0,[]
2020-10-21 09:05:00+00:00,0,0,0.0,[]
2020-10-21 09:10:00+00:00,0,0,0.0,[]
2020-10-21 09:15:00+00:00,0,0,0.0,[]
2020-10-21 09:20:00+00:00,0,0,0.0,[]
2020-10-21 09:25:00+00:00,0,0,0.0,[]
2020-10-21 09:30:00+00:00,0,0,0.0,[]
2020-10-21 09:35:00+00:00,0,0,0.0,[]
2020-10-21 09:40:00+00:00,0,0,0.0,[]
2020-10-21 09:45:00+00:00,0,0,0.0,[]
2020-10-21 09:50:00+00:00,0,0,0.0,[]
2020-10-21 09:55:00+00:00,0,0,0.0,[]
2020-10-21 10:00:00+00:00,0,0,0.0,[]
2020-10-21 10:05:00+00:00,0,0,0.0,[]
2020-10-21 10:10:00+00:00,0,0,0.0,[]
2020-10-21 10:15:00+00:00,0,0,0.0,[]
2020-10-21 10:20:00+00:00,0,0,0.0,[]
2020-10-21 10:25:00+00:00,0,0,0.0,[]
2020-10-21 10:30:00+00:00,0,0,0.0,[]
2020-10-21 10:35:00+00:00,0,0,0.0,[]
2020-10-21 10:40:00+00:00,0,0,0.0,[]
2020-10-21 10:45:00+00:00,0,0,0.0,[]
2020-10-21 10:50:00+00:00,0,0,0.0,[]
2020-10-21 10:55:00+00:00,0,0,0.0,[]
2020-10-21 11:00:00+00:00,0,0,0.0,[]
2020-10-21 11:05:00+00:00,0,0,0.0,[]
2020-10-21 11:10:00+00:00,0,0,0.0,[]
2020-10-21 11:15:00+00:00,0,0,0.0,[]
2020-10-21 11:20:00+00:00,0,0,0.0,[]
2020-10-21 11:25:00+00:00,0,0,0.0,[]
2020-10-21 11:30:00+00:00,0,0,0.0,[]
2020-10-21 11:35:00+00:00,0,0,0.0,[]
2020-10-21 11:40:00+00:00,0,0,0.0,[]
2020-10-21 11:45:00+00:00,0,0,0.0,[]
2020-10-21 11:50:00+00:00,0,0,0.0,[]
2020-10-21 11:55:00+00:00,0,0,0.0,[]
2020-10-21 12:00:00+00:00,0,0,0.0,[]
2020-10-21 12:05:00+00:00,0,0,0.0,[]
2020-10-21 12:10:00+00:00,0,0,0.0,[]
2020-10-21 12:15:00+00:00,0,0,0.0,[]
2020-10-21 12:20:00+00:00,0,0,0.0,[]
2020-10-21 12:25:00+00:00,0,0,0.0,[]
2020-10-21 12:30:00+00:00,0,0,0.0,[]
2020-10-21 12:35:00+00:00,58250,0,4.0,"[25170, 14090, 18700, 290]"
2020-10-21 12:40:00+00:00,7490,0,3.0,"[200, 6100, 1190]"
2020-10-21 12:45:00+00:00,99600,0,3.0,"[36780, 2630, 60190]"
2020-10-21 12:50:00+00:00,37480,0,3.0,"[25290, 2620, 9570]"
2020-10-21 12:55:00+00:00,0,0,0.0,[]
2020-10-21 13:00:00+00:00,40020,0,3.0,"[6710, 27370, 5940]"
2020-10-21 13:05:00+00:00,30960,0,3.0,"[60, 5300, 25600]"
2020-10-21 13:10:00+00:00,3080,0,2.0,"[40, 3040]"
2020-10-21 13:15:00+00:00,2290,0,2.0,"[40, 2250]"
2020-10-21 13:20:00+00:00,0,0,0.0,[]
2020-10-21 13:25:00+00:00,89910,0,5.0,"[69290, 1930, 15060, 2950, 680]"
2020-10-21 13:30:00+00:00,2930,0,2.0,"[320, 2610]"
2020-10-21 13:35:00+00:00,65760,0,2.0,"[3020, 62740]"
2020-10-21 13:40:00+00:00,92840,0,3.0,"[12670, 53790, 26380]"
2020-10-21 13:45:00+00:00,3480,0,1.0,[3480]
2020-10-21 13:50:00+00:00,15840,0,2.0,"[2320, 13520]"
2020-10-21 13:55:00+00:00,5490,0,3.0,"[3510, 190, 1790]"
2020-10-21 14:00:00+00:00,55140,0,1.0,[55140]
2020-10-21 14:05:00+00:00,1910,0,1.0,[1910]
2020-10-21 14:10:00+00:00,19940,0,1.0,[19940]
2020-10-21 14:15:00+00:00,96300,0,6.0,"[8540, 14140, 43950, 17500, 11400, 770]"
2020-10-21 14:20:00+00:00,12250,0,1.0,[12250]
2020-10-21 14:25:00+00:00,18720,0,2.0,"[14800, 3920]"
2020-10-21 14:30:00+00:00,11040,0,2.0,"[3940, 7100]"
2020-10-21 14:35:00+00:00,14750,0,2.0,"[9770, 4980]"
2020-10-21 14:40:00+00:00,22400,0,3.0,"[6520, 1560, 14320]"
2020-10-21 14:45:00+00:00,1330,0,1.0,[1330]
2020-10-21 14:50:00+00:00,0,0,0.0,[]
2020-10-21 14:55:00+00:00,105220,0,3.0,"[1040, 3720, 100460]"
2020-10-21 15:00:00+00:00,12660,0,1.0,[12660]
2020-10-21 15:05:00+00:00,1610,0,1.0,[1610]
2020-10-21 15:10:00+00:00,0,0,0.0,[]
2020-10-21 15:15:00+00:00,18830,0,2.0,"[11670, 7160]"
2020-10-21 15:20:00+00:00,0,0,0.0,[]
2020-10-21 15:25:00+00:00,133040,0,5.0,"[3860, 8270, 15240, 24330, 81340]"
2020-10-21 15:30:00+00:00,9970,0,2.0,"[9280, 690]"
2020-10-21 15:35:00+00:00,0,0,0.0,[]
2020-10-21 15:40:00+00:00,24780,0,3.0,"[6060, 15180, 3540]"
2020-10-21 15:45:00+00:00,89320,0,5.0,"[56980, 16790, 3940, 9230, 2380]"
2020-10-21 15:50:00+00:00,78530,0,3.0,"[7440, 3380, 67710]"
2020-10-21 15:55:00+00:00,17270,0,4.0,"[2460, 1960, 12090, 760]"
2020-10-21 16:00:00+00:00,11890,0,2.0,"[100, 11790]"
2020-10-21 16:05:00+00:00,3430,0,2.0,"[250, 3180]"
2020-10-21 16:10:00+00:00,27710,0,2.0,"[20610, 7100]"
2020-10-21 16:15:00+00:00,1840,0,1.0,[1840]
2020-10-21 16:20:00+00:00,5800,0,1.0,[5800]
2020-10-21 16:25:00+00:00,0,0,0.0,[]
2020-10-21 16:30:00+00:00,0,0,0.0,[]
2020-10-21 16:35:00+00:00,0,0,0.0,[]
2020-10-21 16:40:00+00:00,0,0,0.0,[]
2020-10-21 16:45:00+00:00,128930,0,5.0,"[17170, 81540, 1950, 2150, 26120]"
2020-10-21 16:50:00+00:00,17980,0,3.0,"[2090, 400, 15490]"
2020-10-21 16:55:00+00:00,17330,0,3.0,"[3460, 5130, 8740]"
2020-10-21 17:00:00+00:00,2230,0,1.0,[2230]
2020-10-21 17:05:00+00:00,9440,0,2.0,"[730, 8710]"
2020-10-21 17:10:00+00:00,18920,0,3.0,"[12300, 230, 6390]"
2020-10-21 17:15:00+00:00,16710,0,1.0,[16710]
2020-10-21 17:20:00+00:00,88050,0,5.0,"[430, 16330, 69120, 270, 1900]"
2020-10-21 17:25:00+00:00,3110,0,2.0,"[750, 2360]"
2020-10-21 17:30:00+00:00,0,0,0.0,[]
2020-10-21 17:35:00+00:00,540,0,1.0,[540]
2020-10-21 17:40:00+00:00,0,0,0.0,[]
2020-10-21 17:45:00+00:00,16300,0,2.0,"[1120, 15180]"
2020-10-21 17:50:00+00:00,48270,0,2.0,"[46720, 1550]"
2020-10-21 17:55:00+00:00,0,0,0.0,[]
2020-10-21 18:00:00+00:00,8330,0,2.0,"[3730, 4600]"
2020-10-21 18:05:00+00:00,6990,0,3.0,"[6350, 450, 190]"
2020-10-21 18:10:00+00:00,26490,0,2.0,"[8370, 18120]"
2020-10-21 18:15:00+00:00,23570,0,4.0,"[9230, 1130, 10950, 2260]"
2020-10-21 18:20:00+00:00,160,0,1.0,[160]
2020-10-21 18:25:00+00:00,33260,0,4.0,"[22290, 10690, 130, 150]"
2020-10-21 18:30:00+00:00,5570,0,2.0,"[2590, 2980]"
2020-10-21 18:35:00+00:00,28800,0,2.0,"[16540, 12260]"
2020-10-21 18:40:00+00:00,42380,0,3.0,"[5040, 4450, 32890]"
2020-10-21 18:45:00+00:00,2770,0,2.0,"[1370, 1400]"
2020-10-21 18:50:00+00:00,0,0,0.0,[]
2020-10-21 18:55:00+00:00,25620,0,2.0,"[420, 25200]"
2020-10-21 19:00:00+00:00,13140,0,3.0,"[1520, 8290, 3330]"
2020-10-21 19:05:00+00:00,2300,0,1.0,[2300]
2020-10-21 19:10:00+00:00,56810,0,3.0,"[3190, 50600, 3020]"
2020-10-21 19:15:00+00:00,73870,0,4.0,"[5100, 6580, 1140, 61050]"
2020-10-21 19:20:00+00:00,470,0,3.0,"[240, 30, 200]"
2020-10-21 19:25:00+00:00,7030,0,3.0,"[970, 2090, 3970]"
2020-10-21 19:30:00+00:00,1020,0,1.0,[1020]
2020-10-21 19:35:00+00:00,32720,0,2.0,"[30260, 2460]"
2020-10-21 19:40:00+00:00,14310,0,3.0,"[2620, 10620, 1070]"
2020-10-21 19:45:00+00:00,2370,0,1.0,[2370]
2020-10-21 19:50:00+00:00,7940,0,1.0,[7940]
2020-10-21 19:55:00+00:00,0,0,0.0,[]
2020-10-21 20:00:00+00:00,8580,0,1.0,[8580]
2020-10-21 20:05:00+00:00,7670,0,1.0,[7670]
2020-10-21 20:10:00+00:00,6520,0,1.0,[6520]
2020-10-21 20:15:00+00:00,0,0,0.0,[]
2020-10-21 20:20:00+00:00,0,0,0.0,[]
2020-10-21 20:25:00+00:00,0,0,0.0,[]
2020-10-21 20:30:00+00:00,0,0,0.0,[]
2020-10-21 20:35:00+00:00,14080,0,1.0,[14080]
2020-10-21 20:40:00+00:00,0,0,0.0,[]
2020-10-21 20:45:00+00:00,32550,0,1.0,[32550]
2020-10-21 20:50:00+00:00,0,0,0.0,[]
2020-10-21 20:55:00+00:00,9440,0,1.0,[9440]
2020-10-21 21:00:00+00:00,1440,0,1.0,[1440]
2020-10-21 21:05:00+00:00,0,0,0.0,[]
2020-10-21 21:10:00+00:00,0,0,0.0,[]
2020-10-21 21:15:00+00:00,0,0,0.0,[]
2020-10-21 21:20:00+00:00,28710,0,2.0,"[1900, 26810]"
2020-10-21 21:25:00+00:00,4220,0,1.0,[4220]
2020-10-21 21:30:00+00:00,0,0,0.0,[]
2020-10-21 21:35:00+00:00,5240,0,1.0,[5240]
2020-10-21 21:40:00+00:00,0,0,0.0,[]
2020-10-21 21:45:00+00:00,0,0,0.0,[]
2020-10-21 21:50:00+00:00,0,0,0.0,[]
2020-10-21 21:55:00+00:00,22760,0,2.0,"[1660, 21100]"
2020-10-21 22:00:00+00:00,1960,0,1.0,[1960]
2020-10-21 22:05:00+00:00,15060,0,2.0,"[12490, 2570]"
2020-10-21 22:10:00+00:00,0,0,0.0,[]
2020-10-21 22:15:00+00:00,0,0,0.0,[]
2020-10-21 22:20:00+00:00,0,0,0.0,[]
2020-10-21 22:25:00+00:00,0,0,0.0,[]
2020-10-21 22:30:00+00:00,0,0,0.0,[]
2020-10-21 22:35:00+00:00,0,0,0.0,[]
2020-10-21 22:40:00+00:00,0,0,0.0,[]
2020-10-21 22:45:00+00:00,210,0,1.0,[210]
2020-10-21 22:50:00+00:00,0,0,0.0,[]
2020-10-21 22:55:00+00:00,0,0,0.0,[]
2020-10-21 23:00:00+00:00,55590,0,2.0,"[4250, 51340]"
2020-10-21 23:05:00+00:00,0,0,0.0,[]
2020-10-21 23:10:00+00:00,5140,0,1.0,[5140]
2020-10-21 23:15:00+00:00,8010,0,1.0,[8010]
2020-10-21 23:20:00+00:00,0,0,0.0,[]
2020-10-21 23:25:00+00:00,0,0,0.0,[]
2020-10-21 23:30:00+00:00,0,0,0.0,[]
2020-10-21 23:35:00+00:00,2420,0,1.0,[2420]
2020-10-21 23:40:00+00:00,10830,0,2.0,"[100, 10730]"
2020-10-21 23:45:00+00:00,0,0,0.0,[]
2020-10-21 23:50:00+00:00,0,0,0.0,[]
2020-10-21 23:55:00+00:00,0,0,0.0,[]
2020-10-22 00:00:00+00:00,0,0,0.0,[]
2020-10-22 00:05:00+00:00,0,0,0.0,[]
2020-10-22 00:10:00+00:00,34980,0,5.0,"[15750, 2080, 16880, 160, 110]"
2020-10-22 00:15:00+00:00,8140,0,2.0,"[1080, 7060]"
2020-10-22 00:20:00+00:00,0,0,0.0,[]
2020-10-22 00:25:00+00:00,450,0,3.0,"[450, 0, 0]"
2020-10-22 00:30:00+00:00,0,0,0.0,[]
2020-10-22 00:35:00+00:00,0,0,0.0,[]
2020-10-22 00:40:00+00:00,0,0,0.0,[]
2020-10-22 00:45:00+00:00,21240,0,2.0,"[18140, 3100]"
2020-10-22 00:50:00+00:00,42040,0,4.0,"[4520, 31400, 2290, 3830]"
2020-10-22 00:55:00+00:00,0,0,0.0,[]
2020-10-22 01:00:00+00:00,920,0,1.0,[920]
2020-10-22 01:05:00+00:00,0,0,0.0,[]
2020-10-22 01:10:00+00:00,0,0,0.0,[]
2020-10-22 01:15:00+00:00,0,0,0.0,[]
2020-10-22 01:20:00+00:00,0,0,0.0,[]
2020-10-22 01:25:00+00:00,24300,0,1.0,[24300]
2020-10-22 01:30:00+00:00,2580,0,1.0,[2580]
2020-10-22 01:35:00+00:00,0,0,0.0,[]
2020-10-22 01:40:00+00:00,0,0,0.0,[]
2020-10-22 01:45:00+00:00,0,0,0.0,[]
2020-10-22 01:50:00+00:00,19640,0,1.0,[19640]
2020-10-22 01:55:00+00:00,0,0,0.0,[]
2020-10-22 02:00:00+00:00,7590,0,2.0,"[6560, 1030]"
2020-10-22 02:05:00+00:00,2580,0,2.0,"[1560, 1020]"
2020-10-22 02:10:00+00:00,11980,0,1.0,[11980]
2020-10-22 02:15:00+00:00,0,0,0.0,[]
2020-10-22 02:20:00+00:00,0,0,0.0,[]
2020-10-22 02:25:00+00:00,0,0,0.0,[]
2020-10-22 02:30:00+00:00,0,0,0.0,[]
2020-10-22 02:35:00+00:00,0,0,0.0,[]
2020-10-22 02:40:00+00:00,0,0,0.0,[]
2020-10-22 02:45:00+00:00,0,0,0.0,[]
2020-10-22 02:50:00+00:00,0,0,0.0,[]
2020-10-22 02:55:00+00:00,0,0,0.0,[]
2020-10-22 03:00:00+00:00,0,0,0.0,[]
2020-10-22 03:05:00+00:00,0,0,0.0,[]
2020-10-22 03:10:00+00:00,0,0,0.0,[]
2020-10-22 03:15:00+00:00,0,0,0.0,[]
2020-10-22 03:20:00+00:00,0,0,0.0,[]
2020-10-22 03:25:00+00:00,0,0,0.0,[]
2020-10-22 03:30:00+00:00,78200,0,2.0,"[70720, 7480]"
2020-10-22 03:35:00+00:00,4090,0,2.0,"[2360, 1730]"
2020-10-22 03:40:00+00:00,0,0,0.0,[]
2020-10-22 03:45:00+00:00,75310,0,1.0,[75310]
2020-10-22 03:50:00+00:00,3310,0,3.0,"[400, 2440, 470]"
2020-10-22 03:55:00+00:00,16440,0,2.0,"[15300, 1140]"
2020-10-22 04:00:00+00:00,0,0,0.0,[]
2020-10-22 04:05:00+00:00,0,0,0.0,[]
2020-10-22 04:10:00+00:00,0,0,0.0,[]
2020-10-22 04:15:00+00:00,10060,0,2.0,"[9490, 570]"
2020-10-22 04:20:00+00:00,1590,0,1.0,[1590]
2020-10-22 04:25:00+00:00,0,0,0.0,[]
2020-10-22 04:30:00+00:00,0,0,0.0,[]
2020-10-22 04:35:00+00:00,0,0,0.0,[]
2020-10-22 04:40:00+00:00,0,0,0.0,[]
2020-10-22 04:45:00+00:00,22360,0,1.0,[22360]
2020-10-22 04:50:00+00:00,0,0,0.0,[]
2020-10-22 04:55:00+00:00,160,0,1.0,[160]
2020-10-22 05:00:00+00:00,0,0,0.0,[]
2020-10-22 05:05:00+00:00,0,0,0.0,[]
2020-10-22 05:10:00+00:00,0,0,0.0,[]
2020-10-22 05:15:00+00:00,47600,0,1.0,[47600]
2020-10-22 05:20:00+00:00,3850,0,2.0,"[2930, 920]"
2020-10-22 05:25:00+00:00,6240,0,3.0,"[2180, 940, 3120]"
2020-10-22 05:30:00+00:00,0,0,0.0,[]
2020-10-22 05:35:00+00:00,0,0,0.0,[]
2020-10-22 05:40:00+00:00,0,0,0.0,[]
2020-10-22 05:45:00+00:00,3700,0,1.0,[3700]
2020-10-22 05:50:00+00:00,1710,0,1.0,[1710]
2020-10-22 05:55:00+00:00,0,0,0.0,[]
2020-10-22 06:00:00+00:00,32150,0,1.0,[32150]
2020-10-22 06:05:00+00:00,8510,0,1.0,[8510]
2020-10-22 06:10:00+00:00,490,0,1.0,[490]
2020-10-22 06:15:00+00:00,13540,0,2.0,"[12540, 1000]"
2020-10-22 06:20:00+00:00,0,0,0.0,[]
2020-10-22 06:25:00+00:00,770,0,1.0,[770]
2020-10-22 06:30:00+00:00,15110,0,1.0,[15110]
2020-10-22 06:35:00+00:00,190,0,1.0,[190]
2020-10-22 06:40:00+00:00,0,0,0.0,[]
2020-10-22 06:45:00+00:00,16760,0,1.0,[16760]
2020-10-22 06:50:00+00:00,0,0,0.0,[]
2020-10-22 06:55:00+00:00,0,0,0.0,[]
2020-10-22 07:00:00+00:00,0,0,0.0,[]
2020-10-22 07:05:00+00:00,0,0,0.0,[]
2020-10-22 07:10:00+00:00,0,0,0.0,[]
2020-10-22 07:15:00+00:00,310,0,1.0,[310]
2020-10-22 07:20:00+00:00,102620,0,2.0,"[62100, 40520]"
2020-10-22 07:25:00+00:00,8510,0,1.0,[8510]
2020-10-22 07:30:00+00:00,520,0,1.0,[520]
2020-10-22 07:35:00+00:00,7470,0,2.0,"[6080, 1390]"
2020-10-22 07:40:00+00:00,0,0,0.0,[]
2020-10-22 07:45:00+00:00,0,0,0.0,[]
2020-10-22 07:50:00+00:00,0,0,0.0,[]
2020-10-22 07:55:00+00:00,0,0,0.0,[]
2020-10-22 08:00:00+00:00,0,0,0.0,[]
2020-10-22 08:05:00+00:00,0,0,0.0,[]
2020-10-22 08:10:00+00:00,0,0,0.0,[]
2020-10-22 08:15:00+00:00,0,0,0.0,[]
2020-10-22 08:20:00+00:00,0,0,0.0,[]
2020-10-22 08:25:00+00:00,0,0,0.0,[]
2020-10-22 08:30:00+00:00,0,0,0.0,[]
2020-10-22 08:35:00+00:00,0,0,0.0,[]
2020-10-22 08:40:00+00:00,0,0,0.0,[]
2020-10-22 08:45:00+00:00,10470,0,1.0,[10470]
2020-10-22 08:50:00+00:00,290,0,1.0,[290]
2020-10-22 08:55:00+00:00,0,0,0.0,[]
2020-10-22 09:00:00+00:00,0,0,0.0,[]
2020-10-22 09:05:00+00:00,0,0,0.0,[]
2020-10-22 09:10:00+00:00,0,0,0.0,[]
2020-10-22 09:15:00+00:00,0,0,0.0,[]
2020-10-22 09:20:00+00:00,0,0,0.0,[]
2020-10-22 09:25:00+00:00,0,0,0.0,[]
2020-10-22 09:30:00+00:00,0,0,0.0,[]
2020-10-22 09:35:00+00:00,0,0,0.0,[]
2020-10-22 09:40:00+00:00,0,0,0.0,[]
2020-10-22 09:45:00+00:00,0,0,0.0,[]
2020-10-22 09:50:00+00:00,0,0,0.0,[]
2020-10-22 09:55:00+00:00,0,0,0.0,[]
2020-10-22 10:00:00+00:00,0,0,0.0,[]
2020-10-22 10:05:00+00:00,0,0,0.0,[]
2020-10-22 10:10:00+00:00,0,0,0.0,[]
2020-10-22 10:15:00+00:00,0,0,0.0,[]
2020-10-22 10:20:00+00:00,0,0,0.0,[]
2020-10-22 10:25:00+00:00,0,0,0.0,[]
2020-10-22 10:30:00+00:00,0,0,0.0,[]
2020-10-22 10:35:00+00:00,0,0,0.0,[]
2020-10-22 10:40:00+00:00,0,0,0.0,[]
2020-10-22 10:45:00+00:00,0,0,0.0,[]
2020-10-22 10:50:00+00:00,0,0,0.0,[]
2020-10-22 10:55:00+00:00,0,0,0.0,[]
2020-10-22 11:00:00+00:00,0,0,0.0,[]
2020-10-22 11:05:00+00:00,0,0,0.0,[]
2020-10-22 11:10:00+00:00,0,0,0.0,[]
2020-10-22 11:15:00+00:00,0,0,0.0,[]
2020-10-22 11:20:00+00:00,0,0,0.0,[]
2020-10-22 11:25:00+00:00,0,0,0.0,[]
2020-10-22 11:30:00+00:00,0,0,0.0,[]
2020-10-22 11:35:00+00:00,0,0,0.0,[]
2020-10-22 11:40:00+00:00,0,0,0.0,[]
2020-10-22 11:45:00+00:00,0,0,0.0,[]
2020-10-22 11:50:00+00:00,0,0,0.0,[]
2020-10-22 11:55:00+00:00,0,0,0.0,[]
2020-10-22 12:00:00+00:00,0,0,0.0,[]
2020-10-22 12:05:00+00:00,0,0,0.0,[]
2020-10-22 12:10:00+00:00,0,0,0.0,[]
2020-10-22 12:15:00+00:00,0,0,0.0,[]
2020-10-22 12:20:00+00:00,0,0,0.0,[]
2020-10-22 12:25:00+00:00,0,0,0.0,[]
2020-10-22 12:30:00+00:00,0,0,0.0,[]
2020-10-22 12:35:00+00:00,0,0,0.0,[]
2020-10-22 12:40:00+00:00,0,0,0.0,[]
2020-10-22 12:45:00+00:00,0,0,0.0,[]
2020-10-22 12:50:00+00:00,1160,0,1.0,[1160]
2020-10-22 12:55:00+00:00,750,0,1.0,[750]
2020-10-22 13:00:00+00:00,0,0,0.0,[]
2020-10-22 13:05:00+00:00,0,0,0.0,[]
2020-10-22 13:10:00+00:00,0,0,0.0,[]
2020-10-22 13:15:00+00:00,0,0,0.0,[]
2020-10-22 13:20:00+00:00,0,0,0.0,[]
2020-10-22 13:25:00+00:00,0,0,0.0,[]
2020-10-22 13:30:00+00:00,0,0,0.0,[]
2020-10-22 13:35:00+00:00,0,0,0.0,[]
2020-10-22 13:40:00+00:00,0,0,0.0,[]
2020-10-22 13:45:00+00:00,0,0,0.0,[]
2020-10-22 13:50:00+00:00,0,0,0.0,[]
2020-10-22 13:55:00+00:00,0,0,0.0,[]
2020-10-22 14:00:00+00:00,0,0,0.0,[]
2020-10-22 14:05:00+00:00,0,0,0.0,[]
2020-10-22 14:10:00+00:00,0,0,0.0,[]
2020-10-22 14:15:00+00:00,0,0,0.0,[]
2020-10-22 14:20:00+00:00,0,0,0.0,[]
2020-10-22 14:25:00+00:00,0,0,0.0,[]
2020-10-22 14:30:00+00:00,0,0,0.0,[]
2020-10-22 14:35:00+00:00,0,0,0.0,[]
2020-10-22 14:40:00+00:00,0,0,0.0,[]
2020-10-22 14:45:00+00:00,0,0,0.0,[]
2020-10-22 14:50:00+00:00,0,0,0.0,[]
2020-10-22 14:55:00+00:00,0,0,0.0,[]
2020-10-22 15:00:00+00:00,0,0,0.0,[]
2020-10-22 15:05:00+00:00,0,0,0.0,[]
2020-10-22 15:10:00+00:00,0,0,0.0,[]
2020-10-22 15:15:00+00:00,0,0,0.0,[]
2020-10-22 15:20:00+00:00,0,0,0.0,[]
2020-10-22 15:25:00+00:00,0,0,0.0,[]
2020-10-22 15:30:00+00:00,0,0,0.0,[]
2020-10-22 15:35:00+00:00,10930,0,1.0,[10930]
2020-10-22 15:40:00+00:00,0,0,0.0,[]
2020-10-22 15:45:00+00:00,110,0,1.0,[110]
2020-10-22 15:50:00+00:00,0,0,0.0,[]
2020-10-22 15:55:00+00:00,0,0,0.0,[]
2020-10-22 16:00:00+00:00,0,0,0.0,[]
2020-10-22 16:05:00+00:00,0,0,0.0,[]
2020-10-22 16:10:00+00:00,0,0,0.0,[]
2020-10-22 16:15:00+00:00,0,0,0.0,[]
2020-10-22 16:20:00+00:00,0,0,0.0,[]
2020-10-22 16:25:00+00:00,0,0,0.0,[]
2020-10-22 16:30:00+00:00,0,0,0.0,[]
2020-10-22 16:35:00+00:00,0,0,0.0,[]
2020-10-22 16:40:00+00:00,0,0,0.0,[]
2020-10-22 16:45:00+00:00,0,0,0.0,[]
2020-10-22 16:50:00+00:00,0,0,0.0,[]
2020-10-22 16:55:00+00:00,0,0,0.0,[]
2020-10-22 17:00:00+00:00,0,0,0.0,[]
2020-10-22 17:05:00+00:00,2110,0,1.0,[2110]
2020-10-22 17:10:00+00:00,0,0,0.0,[]
2020-10-22 17:15:00+00:00,0,0,0.0,[]
2020-10-22 17:20:00+00:00,0,0,0.0,[]
2020-10-22 17:25:00+00:00,0,0,0.0,[]
2020-10-22 17:30:00+00:00,0,0,0.0,[]
2020-10-22 17:35:00+00:00,0,0,0.0,[]
2020-10-22 17:40:00+00:00,0,0,0.0,[]
2020-10-22 17:45:00+00:00,0,0,0.0,[]
2020-10-22 17:50:00+00:00,0,0,0.0,[]
2020-10-22 17:55:00+00:00,0,0,0.0,[]
2020-10-22 18:00:00+00:00,70660,0,2.0,"[63980, 6680]"
2020-10-22 18:05:00+00:00,680,0,1.0,[680]
2020-10-22 18:10:00+00:00,0,0,0.0,[]
2020-10-22 18:15:00+00:00,0,0,0.0,[]
2020-10-22 18:20:00+00:00,0,0,0.0,[]
2020-10-22 18:25:00+00:00,0,0,0.0,[]
2020-10-22 18:30:00+00:00,0,0,0.0,[]
2020-10-22 18:35:00+00:00,0,0,0.0,[]
2020-10-22 18:40:00+00:00,0,0,0.0,[]
2020-10-22 18:45:00+00:00,0,0,0.0,[]
2020-10-22 18:50:00+00:00,0,0,0.0,[]
2020-10-22 18:55:00+00:00,0,0,0.0,[]
2020-10-22 19:00:00+00:00,0,0,0.0,[]
2020-10-22 19:05:00+00:00,0,0,0.0,[]
2020-10-22 19:10:00+00:00,0,0,0.0,[]
2020-10-22 19:15:00+00:00,0,0,0.0,[]
2020-10-22 19:20:00+00:00,45630,0,1.0,[45630]
2020-10-22 19:25:00+00:00,510,0,1.0,[510]
2020-10-22 19:30:00+00:00,0,0,0.0,[]
2020-10-22 19:35:00+00:00,1820,0,2.0,"[1710, 110]"
2020-10-22 19:40:00+00:00,0,0,0.0,[]
2020-10-22 19:45:00+00:00,0,0,0.0,[]
2020-10-22 19:50:00+00:00,0,0,0.0,[]
2020-10-22 19:55:00+00:00,0,0,0.0,[]
2020-10-22 20:00:00+00:00,5090,0,1.0,[5090]
2020-10-22 20:05:00+00:00,0,0,0.0,[]
2020-10-22 20:10:00+00:00,0,0,0.0,[]
2020-10-22 20:15:00+00:00,0,0,0.0,[]
2020-10-22 20:20:00+00:00,80,0,1.0,[80]
2020-10-22 20:25:00+00:00,0,0,0.0,[]
2020-10-22 20:30:00+00:00,0,0,0.0,[]
2020-10-22 20:35:00+00:00,0,0,0.0,[]
2020-10-22 20:40:00+00:00,0,0,0.0,[]
2020-10-22 20:45:00+00:00,0,0,0.0,[]
2020-10-22 20:50:00+00:00,0,0,0.0,[]
2020-10-22 20:55:00+00:00,0,0,0.0,[]
2020-10-22 21:00:00+00:00,7970,0,1.0,[7970]
2020-10-22 21:05:00+00:00,0,0,0.0,[]
2020-10-22 21:10:00+00:00,0,0,0.0,[]
2020-10-22 21:15:00+00:00,0,0,0.0,[]
2020-10-22 21:20:00+00:00,0,0,0.0,[]
2020-10-22 21:25:00+00:00,0,0,0.0,[]
2020-10-22 21:30:00+00:00,0,0,0.0,[]
2020-10-22 21:35:00+00:00,0,0,0.0,[]
2020-10-22 21:40:00+00:00,0,0,0.0,[]
2020-10-22 21:45:00+00:00,0,0,0.0,[]
2020-10-22 21:50:00+00:00,0,0,0.0,[]
2020-10-22 21:55:00+00:00,0,0,0.0,[]
2020-10-22 22:00:00+00:00,1900,0,1.0,[1900]
2020-10-22 22:05:00+00:00,0,0,0.0,[]
2020-10-22 22:10:00+00:00,0,0,0.0,[]
2020-10-22 22:15:00+00:00,0,0,0.0,[]
2020-10-22 22:20:00+00:00,0,0,0.0,[]
2020-10-22 22:25:00+00:00,4230,0,1.0,[4230]
2020-10-22 22:30:00+00:00,0,0,0.0,[]
2020-10-22 22:35:00+00:00,0,0,0.0,[]
2020-10-22 22:40:00+00:00,0,0,0.0,[]
2020-10-22 22:45:00+00:00,0,0,0.0,[]
2020-10-22 22:50:00+00:00,0,0,0.0,[]
2020-10-22 22:55:00+00:00,2465390,7,244.0,"[61450, 600, 4100, 140, 4030, 4500, 3230, 360, 150, 510, 1040, 5900, 28640, 5710, 70, 40, 10520, 1680, 470, 110, 1560, 938060, 870, 1370, 1520, 430, 6180, 1910, 3280, 6240, 5270, 5270, 9090, 7170, 27370, 3670, 120, 11530, 1640, 490, 2510, 160, 330, 10, 0, 20910, 10280, 30, 20, 13900, 620, 7460, 4210, 4000, 60, 10, 3650, 810, 6060, 3110, 5090, 43350, 1740, 730, 30, 120, 140, 52030, 2790, 1640, 1640, 20, 26020, 120, 170, 80, 33230, 9820, 200, 30680, 81470, 14550, 2650, 380, 60, 120, 283160, 6720, 30, 20, 50, 610, 250, 1810, 140, 3140, 6750, 920, 1360, 750, 15960, 2090, 230, 2490, 4700, 10, 310, 15040, 2270, 3340, 1990, 30, 40, 4120, 7580, 1870, 2370, 160, 4350, 2240, 510, 6010, 1360, 30, 3540, 10, 80, 250, 2820, 8150, 3240, 20, 10, 200, 2190, 340, 3100, 3360, 580, 150, 1150, 20, 2960, 17540, 50, 150, 4020, 520, 20, 21520, 153060, 630, 20, 5350, 5460, 5440, 4820, 100, 240, 10, 660, 6690, 4210, 30, 30, 580, 190, 30, 470, 2280, 40, 10, 90, 170, 7580, 940, 2200, 20, 20, 3160, 650, 10, 70, 2730, 310, 130, 1160, 1160, 90, 570, 90, 10, 250, 90, 20, 1430, 13380, 230, 480, 2710, 1360, 2370, 2730, 20, 80, 32140, 1060, 110, 40, 1940, 20, 15540, 380, 4340, 3690, 2000, 100, 91520, 8630, 10, 620, 10, 630, 13410, 420, 1340, 170, 1360, 370, 10, 70, 360, 410, 220, 10, 410, 190, 1240, 150, 31090, 30, 420, 20, 150]"
2020-10-22 23:00:00+00:00,4390450,2,855.0,"[31750, 140, 40, 1140, 90, 10, 1340, 4540, 1340, 1460, 140, 10, 10, 8080, 10, 490, 3410, 4570, 9770, 670, 80, 0, 960, 50, 320, 360, 110, 110, 250, 10, 20, 2800, 2250, 370, 4420, 1120, 340, 360, 1030, 490, 2210, 1490, 3500, 2330, 240, 220, 1270, 370, 50, 600, 830, 770, 50, 20, 30, 370, 130, 1340, 710, 280, 1770, 2070, 3700, 1370, 30, 2990, 1210, 3460, 170, 3700, 560, 50, 40, 0, 970, 80, 107900, 130, 96290, 1480, 450, 730, 310, 330, 150, 1130, 120, 0, 120, 160, 6260, 10, 690, 10, 20, 3540, 1480, 7410, 1400, 5920, 7220, 5650, 430, 880, 100, 120, 60, 5060, 1590, 1275710, 300, 20, 2280, 180570, 10, 2980, 37530, 580, 2060, 1600, 470, 5810, 870, 360, 1730, 5490, 2430, 0, 9750, 4270, 30, 3700, 420, 2400, 4760, 650, 16160, 16840, 6180, 2080, 1960, 970, 350, 200, 120, 3700, 160, 3180, 300, 370, 16820, 50, 1210, 1780, 4040, 5320, 3460, 21730, 13750, 470, 2080, 10660, 20, 90, 990, 2220, 10, 41540, 7580, 11790, 230, 8850, 360, 40, 2080, 70, 80, 440, 990, 270, 1780, 180, 410, 2020, 240, 14440, 130, 20, 810, 20, 200, 4300, 180, 190, 300, 3850, 6800, 3960, 150, 3340, 2160, 750, 2860, 160, 10600, 19630, 20, 160, 3420, 9100, 120, 1330, 30, 4850, 30, 15460, 200, 110, 3670, 240, 390, 0, 30, 520, 60, 830, 470, 250, 1290, 390, 1540, 1800, 4450, 1580, 3710, 1820, 0, 1350, 700, 140, 20, 110, 180, 30, 50, 3330, 1760, 2720, 230, 1430, 770, 16000, 10100, 2590, 40, 40, 20, 5090, 2800, 3990, 15610, 10, 2290, 90, 40, 4850, 780, 0, 150, 30700, 170, 8290, 5720, 420, 30, 300, 2460, 40, 6380, 1620, 2140, 0, 14810, 170, 3720, 0, 2890, 1990, 1140, 160, 500, 20, 2480, 310, 3400, 310, 10, 750, 6550, 170, 30, 2200, 70, 540, 130, 230, 0, 230, 8420, 13430, 13430, 4310, 3380, 230, 1890, 40, 240, 120, 40, 54010, 470, 180, 1660, 270, 50, 1030, 100, 370, 3670, 270, 6640, 1080, 1460, 0, 170, 50, 2800, 2800, 1720, 300, 20, 1600, 50, 180, 360, 10, 4550, 50480, 1300, 590, 70, 70, 80, 240, 3050, 80, 5120, 130, 330, 13380, 20410, 13380, 310, 240, 0, 2060, 2330, 2090, 1160, 60, 17520, 3110, 170, 3340, 3420, 390, 180, 1960, 10810, 10, 8920, 30, 120, 330, 540, 70, 60, 20, 900, 70, 40, 640, 300, 150, 2220, 140, 280, 5060, 60, 1120, 1070, 330, 840, 1160, 130, 3500, 220, 9660, 0, 850, 8010, 70, 340, 100, 330, 90, 30, 14440, 1300, 360, 4450, 40, 220, 3820, 80, 1530, 1480, 160, 340, 2390, 460, 40, 45710, 320, 3250, 1370, 40, 2670, 40, 7970, 330, 520, 30, 290, 200, 3190, 60, 3200, 3310, 60, 5850, 770, 170, 460, 10, 3200, 0, 3590, 70, 30, 220, 200, 150, 1990, 4690, 7820, 260, 2040, 1820, 180, 50, 20, 0, 290, 170, 9180, 440, 40, 1980, 2650, 5060, 120, 3050, 3460, 2290, 260, 29290, 3180, 20, 11930, 440, 30, 170, 1010, 400, 170, 10, 7480, 220, 240, 4010, 380, 470, 50, 1760, 830, 100, 11430, 4020, 110, 20, 9900, 2340, 6040, 90, 2120, 540, 3200, 390, 540, 20, 100, 840, 300, 1680, 790, 2020, 790, 380, 2120, 500, 2140, 60, 20, 550, 4240, 1510, 170, 51950, 1010, 40, 14920, 310, 130, 690, 2880, 490, 10, 2110, 1060, 1530, 50, 80, 6380, 60, 310, 70, 96290, 1350, 110, 120, 15300, 810, 60, 570, 900, 340, 1600, 1600, 840, 320, 110, 1370, 27950, 920, 10590, 3420, 6800, 150, 770, 740, 1300, 7970, 720, 19020, 32170, 1120, 1460, 2100, 19360, 23070, 1050, 9750, 3450, 1960, 410, 100, 90, 800, 1300, 20, 440, 170, 1810, 22280, 90, 360, 460, 250, 80, 8420, 370, 5370, 60, 150, 2150, 20, 910, 10, 1280, 40, 8130, 20220, 10, 1970, 60, 260, 40, 320, 50, 210, 120, 120, 1300, 2170, 30, 3040, 420, 7510, 40, 7380, 3270, 8430, 150, 70, 25530, 60, 0, 4230, 40, 200, 3310, 1400, 820, 270, 1720, 20, 2760, 100, 140, 490, 870, 20, 40, 100, 45710, 30, 820, 1020, 510, 1620, 350, 570, 1400, 1280, 210, 850, 12870, 20, 10, 740, 40, 30, 100, 1040, 380, 60, 260, 8000, 3440, 50, 10, 1980, 5370, 2670, 2040, 80, 600, 147460, 70, 260, 9830, 29360, 570, 150, 530, 220, 3940, 18140, 0, 560, 4200, 200, 240, 40, 20, 90, 100, 610, 2500, 1410, 290, 3740, 83160, 4520, 1740, 390, 10630, 390, 430, 43880, 1570, 110, 140, 30, 6800, 50, 20, 360, 1340, 1560, 480, 230, 1100, 20, 180, 630, 20, 710, 140, 3130, 11980, 60, 1860, 3520, 60, 100, 10, 5040, 300, 3080, 170, 100, 80, 1400, 14840, 1420, 4990, 4030, 160, 6940, 790, 20, 390, 16200, 80, 160, 380, 50, 10, 0, 10, 3640, 13740, 10, 1140, 2510, 70, 4110, 230, 1140, 5800, 110, 3850, 760, 30, 30, 1740, 2070, 20, 830, 1460, 2470, 80, 790, 240, 3180, 240, 8480, 3860, 3500, 23380, 16200, 3420, 1300, 3640, 6830, 930, 40, 7060, 10, 70, 20, 20, 40, 160, 10, 3670, 2240, 400, 320, 18650, 130, 5040, 100, 3050, 1990, 40, 580, 26840, 560, 910, 1060, 30, 10920, 110, 40, 1870, 540, 720, 410, 2050, 240, 2250, 80]"
2020-10-22 23:05:00+00:00,3929700,9,855.0,"[2360, 7270, 2140, 920, 1740, 400, 2920, 6220, 150, 30, 1090, 40, 12600, 920, 1400, 1930, 220, 80, 860, 1430, 1350, 4360, 12160, 2360, 29360, 2860, 2110, 270, 1300, 6720, 690, 480, 1890, 1300, 1080, 2040, 70, 80, 80, 2760, 10, 10520, 281690, 40, 2980, 300, 10060, 90, 60, 70, 770, 70, 2930, 10, 90, 10000, 80, 7630, 170, 60, 390, 14120, 80, 2300, 80, 290, 220, 1240, 17880, 30, 1970, 10, 180, 1400, 80, 3110, 330, 110, 4070, 260, 10, 4790, 70, 50, 1190, 580, 0, 600, 850, 3970, 1580, 1780, 10, 4960, 600, 150, 3120, 2180, 9380, 380, 880, 3380, 1240, 6520, 60, 730, 3560, 20, 2360, 20, 70, 10, 30, 1800, 1120, 1880, 1880, 790, 30, 710, 520, 3670, 170, 2300, 160, 4810, 290, 1260, 0, 40, 280, 4190, 2190, 100, 910, 20, 10, 880, 190, 2350, 80, 570, 70, 100, 30, 1460, 5060, 1090, 1130, 110, 800, 20, 10670, 780, 5770, 140, 840, 60, 90, 140, 850, 10520, 3560, 15120, 90, 420, 80, 1190, 80, 0, 110, 2800, 5350, 1050, 2060, 100, 10670, 7090, 2640, 70, 1930, 3820, 880, 1980, 170, 3770, 590, 190, 1430, 80, 3230, 810, 10000, 1160, 2260, 230, 350, 440, 40, 290, 180, 420, 3990, 1300, 340, 390, 20, 30, 85720, 40, 860, 420, 390, 3540, 260, 8950, 230, 580, 30, 80, 1510, 100, 4410, 80, 10, 880, 1210, 640, 2680, 2260, 60, 6850, 250, 70, 360, 90, 590, 130, 19020, 8730, 1850, 3720, 110, 40, 6290, 400, 3860, 3050, 30, 10, 2980, 740, 100, 70, 850, 1460, 510, 1510, 170, 210, 8100, 1970, 20, 1300, 80, 1220, 50, 20, 2420, 5350, 190, 850, 40, 570, 2460, 100, 1810, 1940, 280, 390, 900, 2520, 610, 0, 31090, 3420, 140, 7600, 20, 60, 2320, 130, 960, 190, 30, 610, 880, 6060, 460, 4510, 860, 30, 9100, 170, 350, 110, 10, 980, 1530, 100, 3300, 60, 30, 620, 9180, 360, 3770, 1540, 60, 1680, 430, 150, 390, 40, 760, 10740, 19770, 1210, 390, 340, 270, 900, 90, 120, 12800, 20, 330, 17090, 1060, 180, 1530, 2910, 1880, 320, 40, 6940, 190, 4770, 9830, 2260, 8100, 10160, 90, 6140, 24590, 50, 2280, 2560, 880, 1870, 5260, 4200, 2780, 2140, 18570, 570, 1140, 230, 0, 320, 3690, 1690, 1770, 200, 2650, 110, 1980, 2500, 3570, 220, 220, 2610, 210, 200, 260, 110, 50, 410, 20, 480, 1160, 620, 360, 170, 12980, 370, 480, 20, 125410, 180, 125410, 3070, 250, 1960, 30, 490, 20740, 20, 470, 700, 2820, 1110, 2860, 6560, 1210, 900, 420, 390, 40, 70, 960, 30, 110, 7290, 7740, 220, 50, 3690, 2210, 10, 210, 260, 200, 860, 80, 61460, 8060, 140, 230, 4930, 29770, 60, 2510, 200, 1980, 5810, 510, 270, 40, 1130, 3520, 1390, 3440, 2970, 5300, 370, 80, 5810, 900, 390, 2690, 3330, 710, 0, 50, 100, 6100, 770, 120, 120, 36820, 2780, 50, 25380, 2380, 7290, 3150, 480, 10, 5960, 11130, 40, 1870, 3280, 2500, 3190, 1230, 1190, 40, 250, 920, 360, 5580, 870, 7540, 360, 320, 90, 580, 150, 1430, 440, 4130, 380, 190, 850, 140, 50, 3280, 90, 846540, 120, 110, 20, 180, 110, 1190, 600, 700, 120, 500, 3800, 8810, 40, 60, 3080, 0, 240, 3840, 10, 2230, 12100, 1200, 20, 4940, 110, 1030, 26690, 11660, 40, 120, 2430, 2350, 5200, 100, 820, 90, 60, 1610, 70, 150, 14550, 8490, 1400, 480, 20, 10, 2940, 130, 390, 290, 180, 3450, 20, 40, 1500, 2100, 590, 30, 90, 4770, 590, 2370, 6020, 400, 40, 280, 1910, 1370, 490, 1250, 1250, 230, 460, 440, 2380, 40, 0, 2750, 160, 2390, 110, 6020, 3660, 4650, 2000, 0, 14400, 1870, 14400, 520, 70, 800, 120, 1720, 190, 140, 640, 440, 21600, 70, 480, 720, 0, 4470, 3800, 29770, 10, 150, 2150, 50, 9220, 160, 1400, 20, 170, 1490, 3500, 670, 2400, 1100, 90, 10, 3050, 760, 3050, 160, 25550, 2460, 1740, 110, 380, 15960, 340, 1970, 140, 40, 1380, 7220, 60, 80, 4070, 140, 100, 6480, 40, 50, 70, 10, 200, 12130, 10070, 100, 5410, 6870, 1370, 4470, 2300, 260, 1430, 29770, 240, 2770, 3920, 70, 1270, 50, 990, 160, 1510, 3150, 1230, 1870, 1390, 270, 170, 23220, 4370, 1100, 3920, 1020, 5580, 1260, 0, 4030, 70, 79600, 70, 200, 30, 180, 620, 1080, 830, 2000, 90, 5730, 33660, 2480, 7400, 850, 2940, 6560, 0, 3780, 0, 80, 11040, 30, 20, 570, 120, 1580, 41800, 1380, 220, 160, 1820, 100, 30, 1010, 1660, 1380, 480, 50, 3610, 0, 850, 1180, 1990, 100, 420, 1180, 70, 8230, 7600, 8230, 5230, 1120, 710, 60, 4350, 20, 40, 4030, 12850, 510, 1940, 130, 20, 380, 470, 80, 4460, 150, 167440, 3050, 7060, 320, 7230, 7060, 3090, 90, 2350, 4040, 410, 540, 400, 60, 80, 1500, 120, 2390, 2480, 2050, 340, 150, 120, 820, 600, 10, 10270, 90, 3240, 70, 90, 120, 1030, 50, 420, 5960, 1140, 6220, 4930, 40, 3990, 7740, 250, 200, 2260, 40, 3260, 270, 120, 1570, 7700, 1060, 900, 40, 770, 260, 100, 140, 900, 2510, 2610, 30, 530, 3340, 230, 170, 3790, 210, 460, 4220, 18650, 2510, 8420, 310, 8370, 13950, 45260, 420, 120, 250, 670, 3840, 4540, 80, 150, 25080, 430, 600, 180, 10]"
2020-10-22 23:10:00+00:00,2277660,5,755.0,"[90, 10, 390, 9750, 200, 760, 2010, 690, 410, 420, 410, 200, 350, 300, 770, 60, 110, 910, 260, 1310, 250, 310, 2530, 980, 30, 30, 3840, 80750, 1600, 200, 80, 2300, 1150, 910, 6830, 120, 1410, 570, 4660, 110530, 150, 40, 490, 340, 5930, 40, 1980, 40, 20, 1970, 140, 1620, 270, 2670, 1070, 1880, 420, 2720, 300, 310, 120, 10, 220, 10, 260, 10, 60, 20, 5060, 390, 20, 130, 2680, 120, 0, 760, 620, 160, 120, 2890, 20, 20050, 60, 3740, 90, 20, 10, 2040, 4550, 100, 190, 260, 70, 40, 3810, 200, 40, 220, 710, 40, 610, 260, 240, 240, 100, 23390, 1370, 5170, 3120, 30, 0, 140, 30, 240, 42720, 3190, 110, 220, 3960, 80, 20050, 5160, 12440, 2060, 2520, 3230, 10, 420, 100, 50, 10, 2580, 20, 2090, 340, 1360, 2640, 12180, 4990, 410, 30, 110, 1000, 30, 27660, 2320, 2150, 100, 20, 10, 440, 1850, 270, 5800, 180, 2840, 14380, 20050, 260, 10, 39470, 6510, 39470, 1830, 120, 530, 400, 10860, 7080, 4520, 570, 4640, 7080, 220, 8360, 70, 0, 2250, 570, 440, 110, 12130, 70, 570, 3200, 8680, 4850, 110, 1430, 90, 780, 4470, 90, 1230, 270, 520, 1230, 4240, 260, 4430, 14170, 400, 320, 380, 100950, 17020, 390, 3950, 25080, 3060, 310, 1480, 130, 10370, 120, 20, 920, 3950, 20, 12730, 540, 1850, 140, 4680, 1010, 310, 4680, 1120, 120, 120, 3920, 890, 710, 850, 30, 20, 770, 160, 60, 200, 670, 1060, 30, 4210, 4310, 4880, 590, 60, 20, 1560, 330, 130, 3140, 20, 10, 14170, 240, 320, 250, 60, 30, 70, 160, 860, 440, 3970, 3460, 380, 0, 60, 180, 180, 280, 1990, 1990, 170, 80, 320, 20, 2500, 2000, 220, 1070, 280, 1370, 7310, 1380, 1380, 750, 70, 4530, 70, 20, 630, 40, 300, 90, 1280, 260, 960, 140, 40, 1390, 7300, 1600, 280, 630, 110, 5270, 180, 2410, 1470, 26610, 70, 130, 960, 650, 550, 270, 30, 2550, 410, 310, 4020, 3500, 20, 7380, 0, 190, 70, 1350, 3390, 3040, 4790, 6930, 250, 630, 6930, 860, 2330, 2440, 3600, 960, 50, 40, 140, 940, 13090, 940, 110, 220, 240, 4400, 5270, 1290, 20, 190, 1940, 30, 960, 520, 4030, 90, 2200, 20, 1020, 1020, 220, 4400, 0, 320, 620, 2540, 30, 2380, 20, 580, 1460, 3470, 1040, 2170, 10, 300, 1680, 1460, 10, 140, 100, 2920, 420, 150, 300, 310, 40, 2190, 4790, 47050, 220, 720, 0, 6280, 3790, 100, 340, 490, 490, 30460, 320, 30460, 20, 10, 500, 6000, 380, 4280, 5230, 170, 0, 4750, 150, 110, 120, 2280, 2700, 90, 170, 800, 1410, 30, 10, 890, 240, 160, 240, 810, 260, 80, 10, 250, 4230, 50, 4750, 530, 6410, 370, 10, 370, 6040, 110, 970, 1230, 700, 4080, 500, 670, 5970, 7290, 3580, 30, 230, 2070, 14890, 90, 270, 110, 3410, 780, 20, 3990, 16300, 180, 770, 670, 400, 400, 5730, 120, 180, 850, 480, 730, 10, 1200, 1780, 320, 200, 2410, 22870, 14890, 10, 130, 10810, 38110, 1910, 4290, 10860, 80, 10, 10, 550, 1670, 2110, 1070, 500, 500, 40, 0, 910, 450, 420, 1480, 10860, 5590, 630, 60, 20, 1450, 40, 3050, 30, 2300, 260, 370, 660, 3420, 340, 50, 1120, 50, 12280, 8320, 80, 860, 550, 9060, 1630, 1940, 430, 3170, 140, 1030, 1490, 3950, 140, 70, 90, 1840, 2600, 2100, 90, 180, 820, 1640, 50, 30, 630, 90, 1650, 140, 140, 35360, 35360, 3190, 240, 0, 230, 3880, 70, 10, 19080, 360, 750, 890, 920, 2920, 1230, 160, 630, 220, 9930, 800, 5090, 5990, 690, 110, 9090, 620, 20, 4260, 13510, 1460, 610, 30, 430, 180, 5630, 30, 3300, 80, 1490, 3870, 2090, 30, 7670, 970, 1300, 1360, 7250, 7040, 180, 1350, 10, 280, 820, 150, 2410, 2310, 8600, 1950, 1720, 430, 440, 540, 3210, 8850, 9710, 4050, 20, 220, 17020, 180, 140, 82750, 40, 13140, 1000, 7370, 4090, 200, 380, 140, 190, 200, 250, 7300, 140, 50, 40, 580, 2060, 60, 170, 20, 6930, 13960, 16600, 1320, 0, 1190, 3790, 18160, 2760, 90, 40, 500, 170, 310, 110, 90, 7040, 7020, 1220, 1220, 7670, 200, 10, 40, 370, 6690, 10, 280, 160, 10, 1260, 20, 1260, 470, 690, 90, 390, 390, 60, 3080, 40, 690, 70, 10, 4480, 40, 500, 980, 980, 410, 3030, 20, 20, 6520, 6520, 60, 2300, 4200, 130, 4310, 190, 90, 160, 510, 310, 290, 20, 1780, 1410, 11810, 690, 7600, 1490, 40, 230, 10, 750, 17820, 640, 1060, 1080, 680, 2960, 8200, 10560, 560, 380, 50, 1500, 3420, 1060, 130, 50, 130, 300, 340, 610, 610, 30, 3750, 1080, 560]"
2020-10-22 23:15:00+00:00,1564120,1,631.0,"[70, 1100, 240, 14380, 10, 10, 1010, 0, 14380, 580, 360, 490, 1780, 650, 10560, 190, 0, 9370, 1780, 40, 40, 180, 120, 190, 40, 3240, 3240, 680, 20, 90, 1400, 90, 1940, 10, 420, 3380, 3920, 300, 50, 40, 3680, 1880, 90, 170, 30, 10, 60, 90, 860, 330, 70, 110, 4470, 1010, 40, 220, 860, 410, 10, 2190, 0, 1410, 3390, 3390, 90, 1860, 430, 44060, 430, 80, 330, 330, 2970, 510, 2990, 90, 180, 330, 260, 90, 250, 60, 510, 1860, 7740, 80, 7740, 380, 490, 2340, 100, 850, 80, 160, 9610, 490, 80, 420, 10, 80, 10, 2410, 270, 180, 480, 10150, 2050, 2990, 130, 0, 40, 150, 70, 1550, 1800, 540, 1060, 120, 170, 2460, 100, 6810, 6810, 20, 2260, 820, 13140, 180, 1850, 1850, 8690, 1690, 10, 13440, 90, 2650, 3850, 2700, 3260, 23250, 150, 660, 1760, 280, 2050, 20, 20, 2630, 320, 320, 4210, 660, 1420, 220, 1030, 40, 1030, 90, 1030, 3400, 80, 900, 0, 30, 9770, 60, 1200, 0, 4550, 60, 2740, 11600, 2920, 190, 3060, 3050, 7460, 3210, 1150, 3940, 630, 2060, 85720, 4170, 380, 910, 10, 40, 40, 60, 1170, 370, 2310, 460, 1930, 15690, 100, 30, 4200, 30, 1170, 1400, 420, 550, 140, 140, 10, 180, 6440, 0, 2340, 590, 320, 130, 10, 930, 1080, 3030, 1490, 70, 90, 60, 15370, 1490, 370, 2570, 260, 22200, 10040, 1390, 320, 9380, 9380, 320, 2590, 330, 14720, 100, 20, 14720, 120, 460, 2210, 400, 510, 3880, 1960, 120, 160, 740, 390, 740, 0, 25320, 620, 140, 61730, 90, 2240, 930, 1610, 250, 870, 40, 1150, 120, 1790, 15590, 90, 940, 230, 230, 15590, 4440, 100, 800, 16600, 1060, 10310, 3890, 2760, 630, 1160, 640, 2220, 1380, 200, 500, 330, 1850, 5350, 10, 210, 220, 250, 50, 2640, 2420, 9170, 110, 210, 110, 20, 490, 860, 50, 140, 10, 2120, 14350, 2940, 90, 1190, 220, 1460, 1680, 10, 100, 620, 1740, 650, 730, 1550, 1980, 100, 50, 2300, 260, 70, 600, 1620, 0, 880, 2350, 28330, 290, 40, 110, 110, 200, 2510, 1730, 380, 3440, 50, 330, 4710, 440, 600, 440, 750, 2590, 50, 100, 9770, 640, 910, 9880, 150, 9880, 280, 110, 30, 30, 40, 20, 60, 3180, 3580, 13720, 14350, 100, 3200, 1760, 160, 30, 5050, 1680, 1460, 340, 50, 600, 230, 0, 4310, 400, 910, 210, 110, 3420, 2080, 130, 1190, 90, 130, 200, 2840, 900, 5180, 350, 110, 100, 50, 200, 3140, 1620, 90, 5260, 320, 280, 40, 330, 820, 80, 690, 60, 80, 50, 110, 160, 6720, 78030, 3850, 580, 3160, 330, 30, 140, 320, 3640, 550, 2630, 1460, 150, 230, 1440, 2210, 130, 210, 130, 1460, 420, 10, 800, 1850, 150, 370, 280, 9710, 20, 170, 20, 1100, 70, 12760, 3850, 430, 940, 120, 2460, 6200, 10, 300, 480, 740, 30, 0, 360, 1250, 90, 340, 70, 340, 20, 640, 640, 10, 2800, 6220, 1010, 10, 8960, 10, 10, 3180, 3180, 810, 810, 70, 10, 1100, 1310, 80, 10, 40, 90, 980, 110, 40, 100, 1460, 500, 10, 9240, 1620, 30, 420, 370, 110, 5140, 240, 5140, 660, 1070, 660, 290, 10100, 3640, 440, 3800, 470, 4020, 380, 5830, 630, 610, 170, 70, 1150, 1230, 370, 180, 670, 18940, 7600, 740, 350, 740, 140, 20, 470, 6870, 1060, 30, 9010, 2240, 960, 20, 2510, 20, 2170, 16470, 4170, 2890, 1800, 4030, 20, 110, 190, 410, 740, 500, 240, 80, 10, 3750, 2150, 430, 1420, 100, 100, 1300, 680, 230, 4210, 10860, 650, 150, 3910, 2330, 200, 10, 5350, 0, 140, 180, 7690, 10, 120, 460, 1520, 60, 320, 30, 190, 20, 4240, 2000, 6930, 5420, 50, 3050, 80520, 5650, 10, 270, 50, 350, 760, 560, 800, 1020, 960, 0, 1100, 330, 410, 860, 650, 580, 1340, 2640, 90, 140, 6710, 30, 70, 590, 3300, 1180, 1180]"
2020-10-22 23:20:00+00:00,1413270,4,440.0,"[2080, 160, 5010, 90, 750, 78030, 20, 960, 580, 810, 2300, 1160, 1530, 10, 510, 100, 10, 340, 7780, 340, 550, 3660, 400, 50, 670, 3630, 3630, 300, 6990, 85900, 390, 2370, 2370, 7400, 120, 20, 340, 102500, 60, 40, 90, 100, 120, 1070, 10, 210, 560, 1180, 130, 3460, 780, 450, 3720, 10, 2170, 100, 710, 10, 19700, 6110, 6670, 4900, 1290, 1310, 870, 290, 170, 230, 230, 110, 860, 610, 340, 1870, 3490, 14780, 800, 80, 1050, 6690, 2350, 2610, 80, 130, 490, 1540, 560, 450, 50, 50, 1900, 3440, 80, 160, 110, 2600, 2030, 20, 170, 610, 2330, 4210, 250, 620, 510, 3130, 5180, 270, 1100, 220, 2450, 610, 1900, 2600, 1080, 0, 120, 370, 100, 9160, 120, 2870, 150, 150, 3170, 140, 330, 1920, 30, 2450, 5630, 2450, 60, 23390, 210, 4090, 12100, 2660, 400, 570, 200, 2800, 10, 10, 1030, 490, 12100, 3420, 0, 16020, 1030, 90, 270, 370, 3420, 2190, 160, 90, 400, 13300, 1030, 20, 1500, 3240, 60, 320, 320, 1320, 20, 120, 860, 4130, 1220, 1220, 19360, 80, 20, 2950, 2940, 820, 0, 45210, 2710, 950, 160, 20, 560, 2070, 30, 2070, 140, 70, 300, 80, 120, 3300, 110, 530, 300, 300, 170, 1340, 890, 110, 440, 12220, 180, 90, 600, 1300, 90, 450, 0, 45200, 61480, 870, 2060, 820, 2410, 3520, 2220, 200, 950, 360, 360, 3840, 1800, 510, 280, 20, 360, 3320, 5330, 5340, 1240, 210, 90, 470, 9020, 160, 320, 430, 570, 100, 4080, 210, 3690, 2160, 4400, 3460, 220, 12670, 70, 160, 5210, 26420, 4010, 120, 10230, 170, 20, 780, 380, 780, 170, 46960, 320, 150, 10, 2940, 10230, 60, 620, 4050, 70, 60, 0, 920, 12930, 7910, 110, 70, 30, 1500, 980, 10, 150, 100, 52720, 240, 130, 2190, 300, 4190, 90, 70, 820, 1010, 430, 30, 4870, 960, 10, 20, 2040, 320, 30, 1400, 90, 30, 140, 0, 2450, 12710, 800, 20, 300, 3030, 1760, 20, 14780, 90, 70, 2240, 440, 90, 40, 340, 2920, 210, 190, 180, 8290, 1810, 20, 550, 4460, 3170, 5870, 5870, 20, 340, 20, 1200, 4890, 40, 1090, 400, 3420, 100, 10450, 1720, 100, 490, 1160, 2310, 100, 2180, 770, 1310, 3690, 2280, 0, 3040, 3170, 20, 300, 15120, 2980, 10, 310, 600, 300, 9520, 1090, 840, 20, 1430, 5020, 1520, 530, 700, 4930, 210, 4560, 1460, 800, 38240, 0, 780, 30, 300, 220, 840, 1120, 1520, 170, 3340, 50, 70, 100, 500, 60, 6710, 10, 0, 690, 3120, 470, 20, 910, 5400, 12660, 4800, 110, 140, 1490, 70, 5090, 12660, 10, 30, 16830, 840, 1550, 40, 340, 40, 450, 15600, 1390, 780, 360, 60, 10, 50, 390, 440, 1720, 110]"
2020-10-22 23:25:00+00:00,1430130,2,415.0,"[20, 40, 540, 610, 3110, 20, 530, 140, 30, 210, 80, 80, 90, 100, 310, 90, 250, 11080, 29390, 120, 6600, 10, 130, 170, 320, 30, 10, 2390, 60, 340, 23390, 580, 2940, 300, 1240, 970, 3630, 4640, 7720, 580, 7300, 7300, 3910, 30, 110, 3030, 1080, 15210, 30, 90, 100, 6660, 0, 20, 30, 80, 1530, 180, 50, 960, 10, 1740, 3630, 960, 770, 3250, 300, 160, 260, 260, 1180, 130, 10, 1030, 3230, 1330, 9970, 5540, 4890, 80, 60, 330, 14360, 10, 3630, 80, 100, 580, 10, 5210, 120, 600, 570, 20, 6820, 390, 20, 130, 2260, 3490, 180, 1440, 17610, 1870, 100, 240, 230, 110, 2740, 110, 70, 10, 190, 40, 2280, 13900, 570, 1950, 620, 40, 2470, 60, 22470, 20, 200, 0, 130, 440, 2310, 40, 710, 20, 20, 220, 90, 20, 6830, 120, 10120, 3060, 90, 3780, 30, 1180, 40, 2240, 10, 580, 11080, 6060, 30, 2310, 10, 70, 4480, 4330, 14160, 650, 5520, 5850, 140, 4400, 250, 830, 1360, 20, 120, 10, 15420, 160, 3720, 220, 880, 1100, 3880, 40, 100, 0, 5590, 120, 160, 260, 2090, 22280, 40, 0, 200, 70, 290, 250, 70, 3620, 1210, 100, 140, 6120, 2140, 780, 6080, 6040, 5860, 110, 3530, 270, 210, 180, 150, 250, 200, 13350, 350, 70, 40, 1460, 1410, 640, 390, 70, 0, 270, 0, 100, 20, 5490, 90, 80, 10, 80, 9900, 5790, 10, 50, 30, 80, 3340, 450, 160, 2060, 240, 1400, 20, 30, 160, 13150, 15060, 15060, 180, 70, 3550, 490, 220, 1770, 1770, 5440, 20, 20, 210, 100, 70, 80, 1580, 3550, 30, 5790, 6120, 810, 50, 60, 130, 1160, 270, 5870, 640, 5310, 10, 4810, 2020, 2800, 10330, 40, 500, 1230, 500, 11240, 270, 980, 920, 90, 590, 170, 60, 470, 10370, 220, 1120, 2000, 130, 420, 920, 50, 3160, 300, 160, 80, 70, 280, 4700, 20, 340, 360, 100, 1220, 90, 130, 1280, 90, 1190, 730, 10, 1500, 660, 520, 6610, 60, 30, 1860, 60, 1010, 20, 620, 4030, 990, 100, 90, 10, 20, 550, 240, 40, 380, 40, 2710, 50, 200, 0, 6740, 1870, 740, 60, 10, 820, 1860, 3600, 10, 5150, 680, 710, 47090, 100, 1080, 60, 300, 220, 1310, 1380, 30, 5200, 1460, 10, 10810, 30, 790, 40, 10, 4200, 190, 2060, 70, 16280, 1790, 20, 250, 3050, 17700, 170, 290, 170, 37310, 110, 2630, 20, 1840, 0, 52990, 450320, 10, 770, 180, 3560, 190, 80, 12420, 360, 30, 140, 640, 640, 1830, 110, 3030, 6180, 3970, 1160, 520, 120]"
2020-10-22 23:30:00+00:00,5192330,3,858.0,"[220, 20, 720, 290, 80, 4670, 19800, 3450, 1620, 330, 20, 11980, 520, 6350, 9220, 0, 140, 360, 920, 50, 0, 1970, 280, 70970, 260, 130, 12430, 310, 1710, 2010, 280, 1890, 800, 4920, 1460, 3110, 90, 20, 20, 9520, 40, 20, 50, 120, 120, 5030, 10, 10080, 50, 570, 10, 2190, 600, 200, 250, 90, 1020, 30, 13630, 1410, 4060, 830, 2170, 356440, 7040, 360, 820, 1870, 80, 1440, 12430, 190, 7390, 1500, 1540, 920, 3770, 460, 250, 14740, 940, 1660, 9170, 8000, 2760, 4750, 3460, 60, 390, 1480, 60, 70, 1790, 230, 4310, 10, 20, 550, 4160, 2170, 2850, 60, 760, 540, 30, 14400, 1120, 290, 860, 2520, 10, 1370, 40, 40, 4140, 360, 180, 10, 50, 1030, 4440, 70, 60, 930, 50, 8590, 140, 2550, 4170, 1380, 1760, 160, 3340, 3180, 20, 0, 440, 4010, 10, 250, 1160, 2440, 3700, 290, 2480, 0, 32560, 2990, 600, 610, 3380, 50, 10, 1060, 160, 4020, 50, 540, 330, 2270, 19160, 1213560, 1213560, 0, 1800, 1640, 40, 1310, 3620, 80, 1310, 1290, 2170, 1180, 1180, 13510, 50, 190, 10, 1420, 30, 6690, 6690, 440, 90, 2900, 5870, 2610, 280, 610, 740, 11710, 340, 3590, 600, 840, 11710, 1000, 3110, 3110, 20, 1790, 2540, 3640, 19020, 310, 20, 10650, 2180, 2180, 7040, 290, 670, 2690, 2680, 150, 0, 3700, 4100, 4100, 150, 450, 840, 840, 10, 710, 3830, 90, 1220, 220, 1310, 100, 300, 90, 640, 130, 3420, 10240, 3880, 3880, 2030, 2030, 1130, 2630, 400, 1460, 50, 50, 4560, 4560, 10, 530, 10, 80, 30, 270, 30, 650, 31230, 1070, 3580, 1070, 1950, 330, 10, 10, 80, 7510, 0, 220, 56590, 3400, 160, 1460, 80, 60, 450, 280, 60, 1940, 1940, 10, 580, 10, 300, 5210, 20, 580, 70, 580, 1560, 3450, 30, 1600, 260, 160, 160, 1600, 320, 3360, 50, 590, 10, 320, 3050, 440, 150, 3050, 10, 10, 2910, 160, 280, 3470, 20, 430, 120, 2900, 2900, 1230, 250, 11080, 250, 11080, 6070, 590, 3050, 970, 10, 130, 3050, 2450, 2600, 540, 5490, 5240, 11980, 3960, 120, 5580, 190, 260, 450, 2450, 11080, 11080, 3560, 850, 2130, 340, 20, 340, 180, 20, 20, 120, 60, 320, 210, 1200, 30, 50, 680, 680, 420, 3720, 3060, 420, 4940, 4940, 3060, 70, 0, 7850, 3590, 260, 260, 90, 1170, 7850, 70, 80, 60, 4940, 250, 4940, 18420, 2540, 2540, 2040, 1110, 280, 90, 1510, 0, 0, 460, 80, 150, 70, 40, 70, 70, 40, 280, 3260, 230, 3260, 320, 820, 210, 320, 180, 100, 840, 180, 1960, 5720, 150, 3240, 3240, 10, 880, 1450, 70970, 1450, 380, 200, 200, 27480, 910, 660, 20, 8410, 1130, 280, 70, 110, 210, 290, 1640, 1640, 2790, 2790, 6930, 20, 90, 1410, 210, 100950, 870, 100, 510, 440, 340, 2030, 140, 1980, 1980, 10690, 1460, 40, 1810, 1590, 1350, 1350, 220, 30, 470, 30, 40, 1330, 40, 60, 160, 21010, 550, 220, 220, 170, 1400, 640, 3060, 60, 360, 6840, 420, 1070, 1070, 990, 30, 30, 550, 30, 1140, 1560, 260, 80, 40, 180, 15640, 15640, 290, 70, 110, 590, 20, 21320, 80, 1440, 10, 1310, 180, 60, 1340, 1640, 1640, 180, 70, 10, 4350, 4840, 4840, 280, 7490, 60, 20, 20, 220, 150, 7640, 2420, 5300, 3800, 1100, 40, 890, 40, 1460, 1460, 210, 0, 20, 20, 2940, 930, 530, 530, 190, 910, 43140, 1620, 1620, 180, 130, 240, 240, 8420, 8420, 2250, 5580, 11630, 620, 70, 810, 810, 40, 40, 6000, 50, 1330, 8210, 30, 60, 870, 30, 100, 1450, 160, 190, 70, 9280, 0, 110, 1840, 160, 70, 110, 430, 2430, 3740, 2840, 430, 2430, 3160, 1130, 640, 30, 22780, 60, 830, 80, 150, 150, 2740, 1020, 3660, 420, 290, 290, 100, 1060, 15950, 100, 20, 1530, 1530, 6520, 10, 6520, 280, 3240, 3240, 110, 1280, 150, 180, 490, 180, 150, 10600, 3020, 40, 1830, 3220, 30, 620, 620, 870, 20, 870, 2080, 43140, 1340, 140, 5380, 4330, 1140, 450, 870, 5380, 1140, 40, 10000, 8680, 420, 2270, 80, 1020, 5270, 40, 7900, 720, 90, 120, 120, 820, 1360, 10, 17970, 760, 90, 80, 880, 90, 30, 190, 100, 660, 190, 1510, 1570, 370, 70, 20, 210, 200, 420, 1930, 4820, 10, 720, 2340, 720, 10, 88540, 550, 2070, 2070, 590, 590, 3340, 19020, 640, 560, 40, 4300, 13300, 560, 60, 980, 90, 140, 980, 3720, 3720, 0, 240, 170, 490, 11370, 11370, 170, 20, 2560, 430, 120, 1940, 3540, 240, 0, 510, 510, 300, 300, 3100, 3100, 5940, 4130, 490, 40, 490, 1680, 260, 260, 1050, 50, 5580, 5580, 20, 0, 20, 3170, 3660, 80, 150, 150, 40, 0, 570, 10, 70, 1740, 10, 4120, 160, 160, 60, 680, 40, 40, 0, 40, 2630, 50, 70, 1870, 1660, 2370, 13710, 14450, 14280, 8420, 6800, 120, 3700, 3700, 120, 310, 100, 360, 12100, 260, 1510, 1510, 20230, 30, 90, 420, 240, 930, 6290, 1640, 1640, 113070, 2240, 720, 490, 40, 1900, 770, 280, 280, 60, 60, 20, 14440, 2420, 2420, 60, 900, 460, 60, 900, 400, 1030, 150, 2040, 150, 7340, 90, 30, 30, 130, 4560, 3870, 670, 3190, 110, 3270, 3270, 3870, 1230, 660, 11860, 4760, 30, 50, 200, 660, 0, 1890, 4500, 4500, 650, 14620, 1980, 610]"
2020-10-22 23:35:00+00:00,2683380,0,861.0,"[300, 11830, 190, 190, 2630, 40, 2200, 2200, 4960, 140, 60, 60, 11050, 20, 13360, 10, 3310, 290, 3310, 180, 2040, 140, 420, 140, 34370, 34370, 2780, 1120, 6830, 12140, 100, 3240, 3170, 10560, 3170, 80, 80, 690, 300, 170, 440, 540, 200, 540, 200, 1330, 80, 5730, 70, 5730, 820, 90, 970, 510, 920, 2940, 270, 270, 1450, 540, 540, 190, 30, 280, 1220, 1220, 1200, 3430, 420, 10, 230, 14450, 120, 1840, 1840, 590, 230, 360, 14220, 13380, 13380, 20, 2920, 20, 200, 560, 740, 100, 280, 20, 2520, 400, 430, 10, 10, 40, 3560, 180, 7050, 20, 2060, 4610, 2770, 570, 570, 220, 50, 190, 50, 220, 1400, 3030, 1600, 360, 2790, 2730, 10, 12140, 10, 3210, 3210, 70, 650, 50, 50, 6900, 10, 630, 680, 3060, 0, 70, 50, 58060, 58060, 1090, 50, 13190, 320, 3190, 3190, 16280, 1690, 5460, 5460, 1370, 10, 2320, 180, 3700, 390, 3240, 3700, 1680, 2380, 290, 120, 120, 7840, 1330, 860, 1730, 1730, 1170, 360, 60, 5940, 60, 620, 4510, 150, 150, 5940, 230, 1420, 60, 70, 90, 90, 300, 300, 40, 300, 1770, 1200, 120, 120, 20, 70, 4730, 20, 640, 80, 1670, 14430, 640, 20, 2180, 2180, 460, 460, 160, 110, 4110, 110, 19630, 410, 8230, 12350, 0, 1130, 0, 4360, 330, 600, 240, 730, 730, 250, 250, 600, 680, 0, 0, 2440, 2260, 9470, 9470, 50, 1020, 30, 30, 50, 1620, 1620, 1370, 200, 420, 2260, 420, 2260, 640, 50, 1670, 490, 6080, 0, 3480, 80, 140, 40, 20, 11930, 490, 16320, 200, 120, 370, 1060, 270, 40, 40, 1040, 300, 230, 2040, 2040, 100, 1020, 100, 20, 20, 3260, 830, 40, 9880, 70, 60, 100, 4810, 100, 3220, 80, 10530, 1480, 46430, 46430, 860, 1260, 4810, 90, 1260, 20, 680, 9290, 380, 710, 9290, 35600, 90, 410, 35600, 90, 60, 2000, 1860, 60, 810, 20, 60, 80, 15420, 80, 90, 3620, 390, 660, 530, 3620, 640, 3850, 380, 380, 1260, 440, 140, 1690, 5810, 1680, 140, 440, 30, 10, 80, 960, 100, 100, 470, 16910, 3180, 3180, 1330, 1580, 10, 16830, 16830, 1810, 50, 5480, 320, 5480, 570, 510, 1220, 900, 510, 30, 90, 2350, 90, 100, 80, 1720, 40, 1670, 670, 670, 70, 350, 110, 120, 1210, 8440, 110, 350, 2030, 11870, 11870, 16430, 16430, 1090, 1090, 0, 650, 90, 320, 40, 550, 30, 1910, 1710, 3020, 710, 1430, 40, 0, 0, 580, 95610, 4660, 20, 260, 40, 4660, 150, 170, 7450, 170, 540, 0, 150, 420, 600, 1710, 330, 3720, 1860, 3720, 1240, 1860, 1240, 3110, 160, 1010, 1010, 20, 10, 10, 1360, 30, 30, 100, 100, 3890, 2360, 80, 37910, 260, 37910, 12440, 840, 50470, 260, 2400, 140, 140, 7590, 170, 860, 860, 2060, 2060, 60, 110, 120, 820, 820, 30, 150, 140, 10, 10, 16880, 220, 10000, 10, 10, 6140, 11940, 450, 19870, 1200, 870, 5020, 970, 40, 520, 70, 250, 370, 260, 330, 200, 0, 580, 2300, 90, 1570, 40, 2190, 690, 13190, 210, 220, 1870, 5150, 40, 40, 10, 6350, 780, 170, 170, 12260, 280, 12260, 160, 200, 20, 5130, 220, 70, 260, 2180, 910, 910, 560, 8090, 50, 70, 410, 50, 40, 190, 320, 2280, 8600, 3600, 1030, 3160, 270, 180, 380, 370, 30, 400, 1980, 40, 80, 380, 30, 270, 20, 460, 830, 510, 11800, 830, 3010, 780, 780, 8080, 560, 8080, 580, 100, 6350, 230, 2510, 10810, 60, 60, 680, 680, 30, 8390, 2780, 120, 80, 2780, 100, 700, 410, 1630, 260, 4070, 6930, 200, 1750, 370, 570, 290, 360, 1180, 1400, 1400, 150, 160, 100, 10, 2720, 980, 18120, 1010, 8430, 0, 11860, 8430, 3370, 24930, 200, 180, 390, 200, 180, 90, 90, 90, 190, 20, 5120, 190, 3030, 460, 10, 10, 10180, 850, 180, 6850, 6850, 10, 340, 120, 580, 120, 3300, 3080, 20, 370, 370, 2760, 2440, 10, 9720, 2420, 340, 10, 0, 0, 340, 1450, 1450, 280, 10180, 3320, 5640, 5640, 70, 660, 110, 10, 10, 1800, 4600, 360, 47050, 47050, 270, 1840, 1840, 270, 120, 5670, 3270, 5670, 20, 120, 1380, 650, 4820, 4820, 240, 240, 130, 490, 490, 2040, 2040, 130, 790, 130, 330, 70, 90, 90, 90, 1080, 70, 1080, 160, 390, 390, 400, 6340, 6340, 2380, 60, 10, 60, 4040, 5920, 5920, 10, 820, 22990, 360, 650, 240, 1840, 1260, 1840, 1260, 100, 1200, 2760, 5340, 5340, 60, 60, 3300, 4180, 680, 680, 1310, 100, 860, 590, 16440, 16440, 860, 590, 80, 90, 3780, 3310, 120, 390, 40, 10, 3060, 3060, 1550, 1040, 40, 1400, 4120, 9400, 9400, 2500, 500, 16420, 16420, 50, 40, 50, 110, 120, 1980, 1980, 14010, 260, 50, 1010, 1740, 3110, 9540, 1320, 15950, 3060, 1320, 530, 20, 20, 5200, 310, 80, 80, 40, 760, 1820, 10700, 3800, 3700, 130, 30, 4070, 240, 1510, 20, 10, 100, 610, 610, 30, 3610, 80, 3610, 270, 270, 5000, 5000, 31240, 31240, 3840, 1540, 1540, 47050, 10, 10, 20, 60, 20, 3010, 70, 2150, 330, 5620, 5620, 80, 200, 4040, 170, 70, 3870, 36730, 36730, 3870, 470, 470, 50, 530, 400, 400, 1940, 90, 140, 360, 360, 4200, 120, 440, 120, 890, 410, 20120, 900, 4530, 20120, 180, 12840, 180, 1610, 7450, 2160, 1840, 1840, 1780, 1780, 6120, 130]"
2020-10-22 23:40:00+00:00,1766570,0,717.0,"[1480, 1900, 2370, 1490, 1490, 140, 140, 20, 3980, 300, 3080, 3080, 150, 320, 220, 2690, 2180, 2180, 140, 80, 380, 380, 1600, 3420, 3420, 190, 190, 50, 13190, 13190, 10, 2240, 3460, 140, 160, 80, 3460, 10, 1460, 340, 1460, 3220, 1400, 3340, 3340, 400, 400, 2310, 220, 14120, 220, 10, 0, 2760, 180, 220, 80, 80, 20, 20, 1200, 7010, 60, 1460, 910, 1170, 1170, 150, 4040, 20, 20, 690, 690, 340, 510, 2660, 10, 1550, 5600, 5600, 1550, 10, 4700, 4700, 910, 4500, 5060, 40, 3470, 110, 3470, 3280, 90, 100, 80, 80, 560, 1790, 140, 140, 650, 6290, 6290, 20380, 20380, 650, 960, 2600, 650, 960, 1120, 2460, 440, 210, 1360, 240, 240, 3920, 1510, 3340, 3340, 40, 5270, 120, 20, 430, 3240, 3560, 3240, 50, 3190, 17630, 1520, 1520, 17630, 320, 11080, 700, 3650, 80, 19780, 20, 80, 1990, 170, 1990, 5300, 360, 70, 70, 1500, 3620, 130, 120, 140, 1590, 18000, 20, 940, 610, 610, 940, 100, 660, 660, 170, 6210, 6210, 170, 24070, 24070, 180, 80, 960, 50, 10, 50, 880, 5810, 350, 3280, 300, 10, 350, 3280, 3210, 10, 790, 310, 1880, 310, 600, 500, 500, 0, 200, 110, 0, 1130, 0, 1490, 5940, 810, 60, 420, 3360, 50, 10, 1180, 1530, 2390, 2400, 2400, 1570, 1570, 3810, 20, 1550, 660, 500, 4030, 1230, 2290, 2220, 810, 350, 350, 280, 810, 790, 790, 0, 11940, 11940, 610, 3230, 140, 30, 3610, 610, 60, 60, 870, 2920, 2920, 1000, 800, 90, 2800, 1280, 80, 30, 100, 40, 100, 11040, 80, 1790, 110, 10510, 6010, 6010, 450, 950, 950, 20, 360, 60, 2280, 2280, 620, 590, 100, 410, 730, 0, 78020, 830, 830, 30, 620, 790, 1010, 30, 4570, 710, 2120, 240, 2120, 140, 2440, 8210, 8210, 320, 140, 320, 40, 380, 40, 380, 380, 180, 110, 80, 50, 50, 21050, 2150, 10, 10, 660, 3180, 20, 100, 660, 80, 410, 14260, 13520, 2660, 4760, 2100, 20, 410, 1580, 12020, 460, 12020, 2200, 1710, 1710, 10250, 970, 970, 8040, 8040, 7420, 150, 770, 770, 60, 690, 4320, 140, 60, 90, 180, 1960, 40, 10, 240, 8570, 50, 70, 30, 30, 520, 220, 520, 470, 160, 1240, 10, 620, 70, 70, 730, 210, 240, 13400, 2780, 5910, 180, 180, 450, 210, 2850, 1670, 0, 2460, 4400, 1670, 210, 20, 1330, 1330, 250, 4170, 0, 4170, 250, 0, 850, 130, 150, 150, 5310, 40, 1180, 1180, 60, 60, 1210, 1210, 20, 20, 2630, 940, 5450, 2630, 20, 20, 170, 280, 120, 1970, 270, 440, 850, 1650, 50, 80, 550, 80, 4540, 1590, 6080, 3950, 40, 1330, 650, 1330, 480, 23830, 230, 780, 40, 320, 1210, 1740, 1050, 2770, 2770, 7220, 580, 580, 0, 0, 40, 260, 260, 300, 160, 430, 60, 160, 3410, 220, 680, 31360, 90, 90, 220, 31360, 50, 300, 3540, 8860, 9200, 130, 380, 1720, 230, 2410, 100, 9360, 50, 50, 100, 5280, 320, 2640, 370, 950, 4990, 40, 340, 3870, 10, 30, 30, 10, 290, 110, 7030, 20, 20, 30, 580, 140, 580, 40, 40, 9520, 650, 20, 9520, 1790, 220, 20, 3840, 10, 3840, 3740, 5750, 3740, 3880, 480, 3190, 330, 740, 16920, 16920, 6850, 1780, 140, 1670, 20, 20, 0, 2130, 20, 30, 90, 730, 730, 2650, 30, 340, 500, 90, 1840, 90, 660, 2950, 120, 20, 290, 160, 130, 8070, 2260, 1040, 30, 480, 20, 3840, 20, 20, 13340, 80, 80, 180, 180, 1100, 12690, 3340, 3880, 2820, 1330, 50, 350, 20, 7260, 7260, 7700, 270, 100, 100, 970, 180, 1330, 180, 10, 860, 10, 10, 860, 10, 10, 190, 50, 10, 4570, 20, 50, 30, 110, 20, 17020, 120, 3680, 80, 3680, 13730, 13730, 40, 80, 6350, 80, 40, 110, 330, 1120, 850, 860, 1820, 130, 330, 130, 14560, 2790, 2790, 4360, 4360, 13150, 7270, 7270, 20, 16430, 710, 9200, 2530, 2530, 90, 140, 3360, 4460, 9420, 0, 20, 1030, 160, 70, 2780, 0, 0, 90, 3830, 3830, 160, 10, 170, 170, 24150, 5420, 210, 2600, 130, 9450, 2200, 1490, 1550, 16190, 9460, 1110, 980, 1870, 11580, 7370, 7370, 36480, 0, 3150, 90, 50, 3150, 1540, 40, 740, 40, 10510, 4140, 4140, 390, 0, 160, 710, 4570, 0, 320, 60, 80, 160, 420, 160, 2060, 26380, 100, 10, 10, 710, 40, 270, 4280, 240, 40, 150, 160, 1350, 80, 70, 160, 300, 2010, 19400, 290]"
2020-10-22 23:45:00+00:00,5025400,5,538.0,"[20, 2760, 130, 130, 1240, 50, 3800, 40, 100, 3380, 7600, 7600, 580, 3420, 1460, 4370, 710, 30, 3390, 1100, 2850, 7170, 800, 40, 80, 20, 1410, 4100, 860, 0, 340, 7370, 7370, 0, 520, 310, 0, 4200, 680, 720, 720, 14020, 1100, 4790, 390, 490, 10, 490, 3910, 3910, 2510, 2510, 10510, 20, 10, 10510, 5140, 5140, 120, 680, 680, 560, 40, 3110, 15800, 640, 0, 420, 70, 40, 90, 560, 560, 110, 12470, 12470, 110, 180, 100, 2300, 650, 890, 5540, 6900, 480, 1440, 6010, 3540, 3400, 560, 10, 40, 300, 3620, 90, 7100, 920, 830, 400, 11410, 420, 320, 400, 890, 890, 1330, 1330, 350, 730, 170, 4370, 600, 1110, 4370, 60, 790, 680, 15810, 15810, 40, 520, 110, 180, 10, 10, 3550, 4930, 3550, 620, 0, 10, 140, 13220, 820, 820, 13220, 1040, 1040, 220, 3740, 310, 17170, 430, 760, 9030, 9030, 40, 500, 40, 660, 90, 150, 15780, 5120, 1170, 1170, 4100, 4100, 120, 20, 20, 1070, 5030, 30, 490, 490, 8430, 490, 650, 740, 680, 4380, 280, 4380, 1670, 10, 6800, 3060, 6800, 380, 380, 11080, 30, 11080, 100, 1200, 1900, 1200, 2780, 1680, 2780, 2440, 7240, 10, 330, 20, 190, 190, 5700, 10, 590, 1260, 5720, 520, 0, 0, 2480, 2080, 60, 60, 2480, 150, 240, 280, 280, 120, 3480, 3890, 3480, 120, 120, 2350, 190, 790, 0, 190, 790, 2840, 60, 60, 2840, 50, 780, 10, 20, 50, 12220, 390, 390, 1700, 1710, 400, 790, 790, 80, 40, 0, 830, 980, 980, 20, 20, 130, 130, 320, 20, 1240, 1240, 60, 90, 4120, 8090, 4120, 510, 0, 90, 580, 1000, 500, 4020, 4360, 4360, 1370, 440, 50, 50, 2120, 2120, 640, 250, 250, 240, 360, 360, 3320, 3780, 20, 50, 840, 0, 70, 70, 9860, 17640, 40, 40, 130, 9440, 9440, 610, 810, 1390, 220, 1390, 810, 460, 390, 130, 3040, 3040, 120, 60, 480, 0, 40, 530, 330, 410, 6200, 2820, 2820, 90, 1560, 780, 1560, 20, 70, 170, 10, 220, 1890, 1890, 980, 1510, 2400, 670, 300, 130, 2400, 2720, 0, 10, 10, 0, 510, 2720, 0, 0, 940, 940, 660, 30, 60, 70, 1090, 60, 90, 1080, 20, 1860, 20, 20, 14260, 1860, 30, 700, 1420, 20, 20, 9750, 10220, 640, 360, 2360, 2360, 640, 10, 10, 70, 120, 50, 50, 2700, 5870, 150, 1190, 710, 20, 710, 50, 180, 30, 560, 1020, 1550, 1020, 230, 120, 1320, 20, 90, 5120, 120, 120, 10, 890, 40, 4050, 4050, 310, 610, 610, 630, 130, 50, 120, 40, 3370, 15290, 80, 20, 60, 20, 60, 750, 20, 7410, 1720, 1720, 60, 90, 260, 4100, 760, 140, 880, 19880, 20, 70, 50, 50, 3720, 3985950, 50, 30, 30, 580, 40, 6390, 760, 2220, 60, 1800, 410, 100, 4700, 4700, 410, 400, 1400, 400, 3860, 5660, 4220, 100, 570, 1450, 180, 450, 3150, 1960, 3510, 1120, 0, 0, 12450, 610, 12450, 11010, 1870, 80, 7460, 11010, 1820, 990, 330, 560, 560, 300, 80, 3050, 10, 420, 80, 40, 590, 4110, 200, 200, 4370, 30, 310, 2880, 2880, 410, 12100, 410, 480, 1500, 180, 1500, 40, 280, 280, 10, 380, 20, 180, 2180, 160, 4770, 60, 170, 3210, 60, 30, 3010, 30, 1360, 380, 1360, 180, 1290, 400, 80, 1440, 130, 130]"
2020-10-22 23:50:00+00:00,2884180,3,587.0,"[1930, 60, 1650, 830, 1370, 1650, 280, 700, 80, 2070, 460, 6220, 5180, 5180, 2740, 2740, 820, 480, 520, 280, 140, 7750, 1900, 550, 1610, 400, 3750, 2210, 20, 5560, 780, 4110, 1910, 1300, 1300, 1130, 3310, 30, 170, 100, 30, 203920, 10, 100, 4520, 100, 25690, 25690, 1610, 850, 1610, 160, 210, 170, 1720, 80, 80, 6050, 10220, 360, 130, 40, 100, 100, 940, 30500, 30500, 10, 3170, 10, 10, 3170, 1320, 760, 760, 80, 3020, 130, 130, 3020, 140, 600, 810, 810, 1880, 660, 240, 1030, 280, 1030, 160, 9040, 1500, 40, 610, 20, 90, 3600, 6720, 6720, 840, 3070, 1250, 760, 4970, 70, 770, 20, 30, 20, 34070, 10490, 3530, 1970, 470, 270, 560, 7560, 110, 2000, 100, 100, 20, 450, 230, 1180, 450, 50, 50, 2710, 20, 60, 670, 10230, 1430, 80, 260, 22430, 22430, 730, 2800, 2160, 30, 90, 16220, 70, 20, 70, 1160, 1160, 10, 400, 13040, 10, 90, 30, 280, 3490, 4280, 1010, 11960, 11960, 400, 4060, 420, 420, 20, 3800, 3800, 50, 570, 2120, 4480, 4480, 3450, 53470, 1690, 180, 1700, 660, 170, 170, 30, 30, 3210, 7850, 1930, 7850, 1930, 2160, 2160, 0, 3030, 80, 2690, 110, 7180, 110, 16680, 6970, 160, 30, 30, 1290, 570, 930, 930, 20, 110, 3990, 8370, 8370, 6500, 1160, 80, 620, 700, 60, 3360, 1500, 4990, 3360, 390, 5100, 5100, 530, 1300, 50, 1290, 620, 3260, 4000, 15690, 2770, 1280, 2770, 10, 50, 10, 140, 70, 40, 90, 0, 1100, 140, 1010, 30, 60, 60, 5320, 1010, 110, 40, 13220, 13220, 40, 20, 10860, 20, 3450, 170, 340, 100, 330, 50360, 50360, 60, 660, 240, 240, 3060, 4270, 420, 100, 1010, 3980, 3980, 760, 170, 20, 3060, 3060, 70, 2060, 1280, 1280, 330, 330, 190, 3640, 1200, 1200, 140, 40, 830, 60, 60, 70, 650, 250, 250, 1500, 150, 1500, 120, 160, 160, 1780, 60, 10, 50, 60, 120, 50, 60, 560, 1890, 4380, 4380, 130, 130, 7220, 220, 280, 1320, 2850, 2850, 30, 190, 170, 40, 130, 410, 16430, 280, 280, 150, 1060, 120, 480, 520, 680, 40, 40, 3680, 3680, 60, 220, 90, 2880, 110, 110, 60, 60, 480, 0, 0, 900, 0, 40, 1570, 40, 1180, 640, 190, 0, 4430, 5760, 300, 80, 1890, 1590, 40, 220, 3690, 220, 11130, 11130, 70, 3970, 60, 3970, 90, 260, 260, 4080, 100, 1450, 17680, 3290, 2740, 2710, 240, 2890, 4080, 3490, 30, 2100, 620, 7790, 60, 70, 770, 6780, 20, 20, 240, 10, 0, 0, 70, 850, 60, 16250, 230, 150, 2980, 2220, 2220, 420, 120, 190, 120, 190, 1020, 13730, 1530, 2070, 130, 1530, 170, 170, 0, 900, 7180, 60, 2200, 14940, 14940, 10, 3620, 0, 2100, 11970, 4060, 140, 180, 1290, 2260, 260, 340, 70, 340, 580, 1640, 180, 180, 190, 70, 170, 130, 30, 480, 240, 300, 3830, 910, 1190, 7900, 1380, 7820, 50, 50, 330, 900, 160, 490, 400, 620, 620, 1480, 100, 110, 1550, 180, 760, 2020, 30, 30, 30, 1214160, 10360, 10360, 690, 70, 10, 70, 160, 10, 23270, 3980, 320, 160, 350, 540, 2600, 5190, 1400, 560, 560, 40, 1850, 30, 18270, 230, 230, 290, 1050, 21010, 30, 1020, 250, 830, 2290, 30, 250, 710, 600, 50, 9430, 1960, 780, 0, 80, 70, 1600, 370, 1700, 1700, 10, 10, 4060, 3180, 20, 4060, 10, 680, 40, 300, 70, 350, 290, 670, 10, 10, 2440, 60, 830, 90, 600, 26140, 170, 820, 1030, 4980, 6350, 4980, 370, 9430, 40, 2870, 90, 20, 540, 420, 850, 9290, 330, 10, 830, 15800, 50, 30, 60, 80, 10]"
2020-10-22 23:55:00+00:00,1717620,1,828.0,"[610, 0, 20, 580, 1030, 20, 1340, 10, 10, 900, 13800, 4750, 40, 290, 210, 150, 60, 100, 10, 5380, 160, 30, 800, 4060, 20, 23110, 6490, 10, 1350, 23110, 680, 250, 120, 20, 1230, 20, 210, 300, 150, 0, 80, 7330, 630, 630, 290, 920, 50, 20, 390, 50, 50, 1080, 290, 160, 2280, 1720, 3730, 610, 140, 710, 1580, 1580, 210, 220, 1580, 1580, 440, 10, 5010, 80, 5080, 70, 3540, 440, 3460, 120, 440, 40, 70, 20, 20, 2020, 330, 340, 40, 90, 180, 370, 180, 40, 270, 50, 20, 23380, 3540, 1480, 2830, 70, 370, 7440, 26100, 370, 20, 630, 10, 28640, 250, 700, 240, 70, 110, 3070, 490, 2300, 400, 20, 990, 4120, 4120, 34040, 1840, 2240, 510, 1120, 780, 60, 70, 20, 630, 1050, 30, 500, 4410, 1980, 20, 4410, 2240, 420, 600, 200, 17680, 50, 330, 330, 290, 5270, 420, 7000, 1190, 1120, 0, 630, 2480, 5450, 1040, 4100, 20, 5450, 2010, 20, 320, 160, 50, 270, 20, 80, 190, 3910, 80, 740, 160, 170, 200, 2350, 120, 310, 2350, 440, 340, 100, 170, 730, 1230, 6320, 170, 10, 200, 3120, 3120, 0, 300, 10, 40, 920, 40, 20, 2360, 11000, 5500, 50, 50, 4380, 140, 80, 20, 60, 120, 130, 40, 1470, 20, 1180, 460, 40, 40, 110, 1800, 510, 1280, 2850, 80, 12260, 20, 70, 70, 130, 80, 520, 10, 7410, 5110, 1180, 60, 20, 20, 36000, 140, 420, 1130, 1130, 1140, 690, 8920, 750, 220, 4520, 150, 140, 70, 80, 680, 3630, 1380, 560, 10, 40, 560, 20, 3070, 180, 1720, 150, 60, 11160, 11160, 570, 6100, 80, 140, 30, 2560, 20, 490, 490, 30, 20, 180, 0, 440, 440, 120, 10, 110, 12360, 30, 270, 4280, 530, 10, 2430, 130, 2220, 2220, 0, 0, 2030, 3120, 120, 210, 320, 2990, 1260, 300, 10, 830, 450, 2600, 3980, 1330, 1330, 450, 200, 1480, 1480, 130, 5390, 3070, 2280, 30, 20, 20, 90, 3480, 1760, 180, 270, 20, 7580, 1350, 1350, 310, 160, 5980, 450, 30, 800, 100, 1170, 5000, 160, 20, 450, 6180, 200, 10, 0, 6560, 6560, 10, 9930, 1370, 320, 220, 110, 530, 10, 320, 50, 230, 340, 10, 30, 790, 280, 790, 3060, 5350, 320, 40, 2040, 3030, 790, 130, 70, 260, 830, 0, 240, 40, 60, 3480, 4250, 30, 4100, 560, 910, 1090, 490, 460, 60, 6450, 240, 80, 1120, 5020, 2110, 10650, 0, 1360, 2670, 70, 6450, 2360, 110, 280, 380, 120, 20, 18270, 12460, 10, 20, 30, 20, 70, 100, 3130, 700, 3490, 8960, 20, 5860, 20, 2650, 3380, 140, 10, 1120, 190, 10, 11460, 20, 530, 40, 30, 7530, 880, 100, 100, 1050, 0, 3100, 120, 160, 1080, 20, 20, 7530, 150, 150, 60, 70, 20, 620, 80, 880, 10, 810, 2080, 120, 0, 1160, 8360, 8360, 60, 0, 100, 820, 150, 0, 100, 100, 1530, 810, 5340, 180, 230, 0, 810, 530, 60, 110, 1420, 20, 500, 90, 70, 60, 10700, 30, 10, 3510, 360, 30, 1380, 67820, 180, 70, 430, 650, 12470, 150, 4270, 20, 70, 250, 3490, 3490, 950, 280, 10, 7850, 130, 2260, 220, 10500, 220, 30, 660, 220, 210, 30, 770, 160, 350, 120, 480, 30, 270, 2340, 90, 3210, 160, 60, 140, 110, 3260, 1000, 1000, 1800, 350, 30, 30, 5880, 2160, 970, 130, 1070, 3800, 2320, 1700, 110, 230, 410, 410, 1200, 1200, 60, 570, 510, 400, 5290, 900, 220, 890, 1520, 580, 20, 60, 30, 820, 5940, 620, 5210, 200, 470, 1410, 60, 60, 170, 2320, 80, 2320, 10, 50, 280, 1860, 60, 200, 1930, 50, 500, 110, 1640, 980, 1640, 30, 160, 120, 40, 230, 1340, 970, 740, 0, 970, 230, 0, 1080, 600, 340, 40, 20, 140, 20, 30, 1060, 1060, 130, 870, 290, 2030, 90, 60, 360, 50, 33940, 290, 1540, 2100, 260, 60, 980, 11460, 350, 420, 17230, 1080, 1080, 190, 230, 2140, 110, 260, 360, 40, 50, 140, 1630, 40, 4150, 0, 660, 310, 190, 5310, 1180, 190, 520, 1180, 3260, 330, 2550, 2550, 1840, 1820, 6180, 90, 6180, 1990, 10, 380, 560, 1540, 560, 3210, 20, 620, 40, 390, 420, 90, 1570, 1570, 7600, 4540, 80, 10, 300, 10, 90, 0, 2140, 1420, 2660, 190, 20, 170, 1680, 490, 4410, 4410, 2080, 400, 1540, 60, 10, 940, 9830, 160, 270, 3920, 810, 1010, 10, 390, 0, 880, 880, 7460, 260, 2710, 260, 350, 1920, 230, 3920, 60, 470, 250, 720, 60, 170, 170, 11380, 380, 240, 1320, 60, 10, 990, 180, 4050, 160, 190, 990, 160, 30, 30, 570, 980, 150, 3200, 320, 1400, 10360, 50, 2140, 4720, 20, 1660, 15980, 15980, 910, 3790, 1440, 70, 320, 3520, 1080, 130, 5350, 6120, 470, 0, 1240, 770, 910, 160, 6560, 1820, 80, 60, 1760, 130, 99430, 90, 24730, 2400, 740, 4320, 4320, 30, 30, 1620, 2560, 380, 99430, 520, 2280, 2250, 40, 10220, 40, 4190, 4190, 210, 350, 5030, 2140, 170, 8140, 30, 3820, 2240, 120, 340, 500, 720, 720, 20, 20, 80, 40, 70, 6860, 250, 30]"
2020-10-23 00:00:00+00:00,7266250,9,1413.0,"[50, 360, 1000, 3320, 130, 2800, 2080, 1600, 400, 1460, 160, 1160, 520, 120, 2380, 2070, 1050, 1360, 20, 50, 120, 10, 80, 150, 3240, 2280, 10, 130, 5020, 5020, 4270, 280, 350, 30, 30, 30, 3820, 2820, 1980, 320, 20, 140, 250, 80, 1790, 80, 30, 15340, 60, 240, 1470, 150, 5470, 30, 320, 2380, 150, 260, 5430, 10350, 40, 230, 60, 120, 100, 20, 10, 120, 1010, 30120, 26000, 20, 1010, 740, 2020, 40, 1540, 1400, 50, 60, 0, 350, 99430, 430, 430, 50, 2280, 330, 40, 3370, 250, 30120, 150, 910, 2760, 60, 0, 380, 250, 20, 81210, 320, 320, 200, 2650, 180, 4050, 2240, 1880, 260, 30, 80, 5250, 140, 220, 440, 3780, 2750, 7880, 80, 5810, 200, 4390, 4390, 580, 90, 50, 100, 40, 40, 10, 8370, 8370, 70, 1440, 100, 5870, 5870, 240, 260, 60, 340, 1980, 1980, 3790, 890, 2140, 120, 240, 130, 3030, 130, 52040, 3340, 3340, 52040, 5340, 80, 2840, 3110, 20, 830, 730, 4660, 5220, 100, 660, 660, 670, 360, 190, 100, 40, 640, 3240, 920, 938250, 938250, 0, 280, 30, 30, 3860, 22370, 3600, 19670, 130, 36830, 36830, 2200, 4270, 60, 60, 70, 390, 70, 980, 1630, 1630, 2540, 240, 20, 9530, 340, 33660, 13370, 110, 20, 9530, 33660, 13370, 3310, 3370, 3370, 140, 9750, 20, 300, 280, 283240, 300, 283240, 480, 440, 60, 210, 70, 290, 200, 140, 2920, 2920, 200, 1510, 400, 330, 400, 850, 80000, 80000, 3560, 3560, 70, 590, 270, 270, 330, 2490, 2490, 40, 420, 40, 900, 26020, 26020, 240, 80, 900, 420, 240, 900, 20, 20, 3760, 120, 8210, 120, 730, 0, 20910, 90, 90, 130, 110, 130, 20910, 110, 730, 30, 620, 90, 6060, 600, 6060, 90, 600, 30, 7840, 7840, 3310, 4590, 61500, 190, 140, 140, 120, 770, 190, 61500, 770, 840, 5730, 1120, 14030, 5730, 1120, 150, 360, 8210, 7710, 2950, 120, 8970, 8970, 2590, 140, 2590, 140, 60, 500, 260, 140, 300, 500, 260, 140, 300, 180, 70, 8530, 70, 330, 330, 30, 150, 30, 2860, 2860, 150, 1350, 840, 180, 2900, 40, 2900, 40, 530, 90, 310, 2370, 1840, 1840, 20, 20, 4050, 2220, 2220, 20, 1890, 1890, 20, 400, 530, 530, 430, 80, 790, 80, 43340, 43340, 20, 5280, 2470, 5280, 20, 40, 30, 120, 600, 30, 600, 360, 2640, 0, 470, 1240, 200, 1240, 0, 620, 470, 1130, 1130, 1680, 990, 990, 820, 30, 1380, 390, 390, 1380, 40, 110, 540, 3580, 110, 80, 1220, 1220, 850, 81470, 850, 81470, 7690, 620, 200, 200, 7690, 30, 430, 7410, 1160, 3470, 430, 7410, 1160, 3470, 280, 60, 50, 280, 24150, 50, 10, 3310, 10, 1310, 1460, 1460, 1310, 830, 720, 14740, 14740, 590, 830, 720, 200, 100, 20, 20, 100, 37480, 10, 10, 10, 10, 220, 30, 240, 120, 120, 80, 4400, 70, 70, 4400, 350, 30, 28640, 10270, 28640, 10270, 10, 170, 10, 7820, 150, 190, 190, 40, 320, 40, 60, 7820, 150, 70, 1870, 30, 10, 1140, 0, 10, 810, 0, 810, 5340, 1430, 610, 80, 5340, 1430, 610, 320, 4360, 220, 22770, 160, 4380, 4380, 4360, 220, 80, 0, 10, 5340, 60, 150, 0, 10, 380, 190, 60, 480, 7660, 3130, 7660, 3130, 290, 290, 250, 120, 250, 120, 530, 150, 150, 330, 2250, 1960, 40, 1100, 330, 2250, 40, 1100, 690, 5750, 5750, 20, 80, 20, 290, 1610, 290, 1610, 1250, 1250, 4780, 6790, 140, 1730, 13210, 1730, 80, 20, 13210, 80, 880, 150, 150, 4030, 20910, 16710, 560, 20910, 930, 30, 40, 40, 30, 30, 6860, 3370, 3370, 320, 330, 330, 320, 260, 110, 10280, 2360, 110, 690, 140, 690, 140, 2360, 80, 40, 260, 20, 40, 1860, 20, 340, 260, 340, 1860, 1920, 11750, 1610, 50, 1610, 50, 11750, 130, 40, 380, 380, 240, 41850, 20, 20, 41850, 20, 20, 3770, 3770, 0, 2250, 2250, 0, 520, 5230, 330, 320, 320, 5230, 3210, 3210, 9660, 2540, 2540, 140, 140, 700, 820, 100, 100, 3250, 50, 240, 130, 3250, 240, 3920, 3920, 670, 2700, 670, 90, 230, 14020, 260, 230, 14020, 260, 90, 5340, 2640, 50, 110, 5960, 5960, 4230, 4230, 670, 110, 670, 470, 4690, 40, 50, 50, 4690, 60, 60, 60, 40, 200, 40, 200, 60, 50, 2380, 50, 2380, 5090, 0, 70, 40, 90, 170, 160, 1810, 880, 190, 1810, 880, 190, 260, 7010, 340, 640, 260, 12730, 320, 12730, 190, 320, 190, 470, 30, 110, 30, 850, 70, 20, 70, 120, 160, 120, 20, 16300, 16300, 8260, 8260, 20, 30, 50, 150, 20, 190, 1560, 170, 1560, 3050, 0, 3050, 90, 20, 360, 3340, 38110, 3340, 38110, 10, 10, 3300, 640, 330, 330, 220, 220, 3860, 20, 9970, 840, 190, 1680, 30, 30, 320, 120, 890, 230, 890, 230, 520, 330, 110, 40, 5290, 2600, 40, 110, 330, 17780, 910, 540, 540, 910, 40, 3890, 600, 3860, 1820, 40, 1820, 40, 180, 40, 5260, 180, 5260, 0, 2720, 2720, 10, 10, 10, 1070, 230, 230, 20, 20, 0, 40, 10, 320, 240, 10, 2760, 240, 320, 100, 80, 260, 2910, 90, 80, 2910, 830, 1400, 20, 960, 20, 90, 960, 4380, 830, 520, 1560, 20, 20, 5600, 5600, 1560, 380, 20, 20, 10, 11320, 3000, 20, 110, 10, 11320, 10, 10, 40, 40, 80, 40, 37540, 40, 37540, 80, 100, 40, 380, 40, 380, 60, 90, 30, 60, 90, 12130, 3660, 3660, 50, 40, 40, 50, 690, 690, 1890, 1350, 1350, 1890, 1610, 13730, 13730, 60, 60, 42240, 1530, 3730, 850, 20, 1530, 34040, 20, 3730, 850, 3170, 0, 110, 120, 120, 10, 0, 110, 340, 4330, 160, 1540, 800, 340, 800, 4330, 1540, 60, 80, 30, 80, 30, 150, 430, 5010, 430, 5010, 1130, 190, 540, 1130, 540, 10240, 260, 260, 10240, 10840, 80, 28280, 20, 28280, 10840, 80, 0, 6050, 80, 10980, 80, 6050, 150, 20, 980, 0, 6480, 0, 20, 20, 500, 1010, 5680, 0, 80, 1010, 80, 1910, 100, 100, 2520, 1170, 1170, 2520, 70, 630, 630, 2240, 0, 0, 1210, 1210, 2210, 70, 90, 2210, 90, 2770, 13240, 90, 90, 70, 200, 20, 200, 1950, 260, 1150, 40, 0, 24600, 3500, 7370, 3500, 7370, 110, 360, 13310, 4730, 40, 13310, 1970, 170, 1970, 170, 20, 3810, 20, 3810, 1840, 160, 160, 140, 1840, 140, 210, 1910, 1910, 230, 20, 20, 770, 770, 6640, 0, 6640, 0, 290, 640, 640, 1350, 2620, 1350, 2620, 130, 6100, 630, 150, 130, 130, 150, 100, 910, 910, 290, 290, 690, 3090, 1790, 170, 130, 170, 130, 40, 7770, 30, 1160, 30, 520, 520, 30, 15720, 50, 15720, 10, 20, 20, 20, 10, 20, 630, 170, 0, 140, 170, 2430, 10230, 10230, 0, 150, 100, 1170, 4850, 19900, 190, 4850, 10, 1330, 19900, 10, 1720, 10, 1470, 10, 370, 10, 740, 1150, 1780, 20, 15980, 20, 15980, 50, 3340, 460, 0, 580, 0, 580, 2470, 2470, 1700, 40, 40, 300, 300, 310, 80, 130, 130, 10, 10, 370, 50, 50, 2060, 2740, 1220, 2220, 140, 140, 2220, 2710, 2710, 42720, 42720, 320, 320, 40, 40, 4850, 4850, 610, 291790, 291790, 880, 480, 40, 40, 880, 3960, 3960, 0, 1470, 60, 13140, 60, 20, 80, 12630, 480, 480, 12630, 460, 390, 390, 0, 130, 160, 240, 240, 160, 1440, 4230, 1440, 4230, 10, 7860, 7860, 1360, 70, 70, 1350, 23830, 70, 5680, 1350, 23830, 90, 800, 60, 450, 10, 800, 7350, 7350, 230, 10, 5270, 20, 20, 5270, 360, 10, 360, 30, 10, 10, 10, 30, 570, 480, 10, 860, 730, 1620, 200, 200, 1620, 1700, 20, 4700, 120, 4700, 120, 2500, 420, 30, 20, 1320, 20, 10, 2320, 2320, 170, 26860, 26860, 3240, 120, 120, 440, 80, 2020, 170, 2020, 80, 130, 170, 440, 130, 170, 5280, 12830, 170, 480, 480, 5280, 140, 140, 130, 290, 4150, 290, 4150, 2380, 3600, 1400, 240, 8920, 2500, 2500, 8920, 1700, 3260, 3260, 80, 150, 150, 1480, 460, 1480, 30, 60, 1800, 60, 360, 3280, 120, 340, 340, 10, 0, 10, 0, 0, 0, 3260, 30, 30, 3260, 60, 2770, 30, 1960, 3470, 1480, 40, 3550, 2770, 40, 30, 1990, 1990, 0, 700, 700, 50, 50, 450, 450, 930, 440, 50, 640, 440, 60, 50, 3380, 1500, 3380, 930, 60, 1260, 20, 20, 3240, 3240, 15920, 1120, 15920, 1120, 130, 120, 120, 70, 2280, 380, 16240, 16240, 4820, 4820, 1120, 70, 4370, 340, 340, 350, 5020, 20, 5020, 20, 30, 30, 570, 4830, 160, 450, 160, 250, 50, 450, 580, 580, 60, 60, 470, 10, 470, 10, 90, 10, 1560, 0, 0, 10, 200, 3950, 4880, 1220, 1220, 3950, 4880, 280, 290, 280, 290]"
2020-10-23 00:05:00+00:00,11505950,19,1423.0,"[150, 150, 3170, 430, 0, 0, 40, 5450, 5450, 2940, 2940, 3560, 10560, 3560, 10560, 100, 180, 130, 30, 520, 0, 0, 700, 8210, 180, 130, 260, 220, 260, 3100, 390, 2260, 2260, 4390, 16160, 20, 16160, 22440, 1060, 10, 1820, 3840, 3840, 930, 10170, 540, 280, 540, 280, 230, 230, 0, 100, 4050, 180, 4050, 290, 1500, 1010, 3890, 1500, 13150, 1010, 30, 3570, 430, 530, 190, 430, 480, 230, 6180, 14430, 1010, 28490, 520, 28490, 520, 0, 0, 520, 0, 0, 7400, 7400, 770, 770, 520, 1450, 1810, 840, 40, 1810, 40, 360, 410, 690, 40, 1820, 40, 410, 690, 360, 30, 1290, 1290, 2050, 7130, 7130, 2050, 2870, 17050, 2870, 17050, 4040, 4040, 80, 80, 6400, 4180, 300, 300, 1700, 40, 1470, 1470, 250, 950, 40, 20, 20, 1160, 1210, 170, 1210, 170, 16840, 440, 16840, 440, 2370, 8550, 1350, 1010, 130, 130, 830, 830, 50, 640, 10, 20, 10, 260, 260, 620, 1680, 40, 140, 36670, 40, 7160, 3276190, 1740, 3276190, 1740, 800, 30, 8960, 8960, 20, 20, 3890, 40, 3890, 40, 7970, 100, 3070, 50, 3070, 7970, 50, 10, 100, 750, 7000, 120, 60, 60, 750, 20, 2240, 990, 880, 690, 690, 880, 1030, 4290, 10010, 260, 260, 1370, 4250, 4250, 30, 30, 870, 1370, 45340, 50, 50, 0, 160, 15160, 70, 240, 70, 570, 60, 570, 60, 10, 130, 61500, 61500, 190, 190, 80, 220, 10, 10, 1020, 1020, 1820, 157300, 460, 157300, 30, 200, 2370, 2370, 460, 30, 920, 920, 11020, 11020, 2220, 70, 470, 70, 10, 10, 2590, 20, 20, 1220, 20, 3300, 430, 3300, 1220, 20, 70, 1510, 360, 470, 360, 90, 3430, 290, 290, 20, 20, 20, 14010, 190, 1730, 14010, 20, 190, 1730, 20, 3000, 12840, 400, 6370, 430, 2300, 30, 2300, 2570, 390, 30, 70, 600, 30, 2630, 0, 600, 610, 190, 610, 110, 10, 10, 380, 90, 380, 1450, 90, 1450, 710, 710, 140, 2250, 140, 2250, 1270, 10, 2570, 2570, 10, 1750, 1750, 220, 0, 0, 420, 250, 80, 80, 90, 250, 3050, 320, 2060, 140, 3050, 250, 1740, 1740, 710, 2020, 710, 2020, 310, 4910, 20, 20, 4910, 310, 690, 80, 3210, 3050, 3210, 12040, 170, 3050, 80, 940, 2330, 140, 140, 70, 2330, 15210, 2870, 6340, 20, 2870, 6340, 90, 0, 0, 80, 90, 70, 860, 4340, 4340, 1650, 3740, 3740, 1350, 4310, 690, 20, 10, 10, 690, 220, 470, 220, 470, 13350, 630, 13350, 400, 1610, 70, 70, 1610, 330, 330, 3760, 10, 150, 3760, 10, 120, 70, 40, 70, 160, 70, 6350, 70, 520, 12040, 360, 3140, 700, 20, 6350, 12040, 520, 360, 20, 430, 10, 80, 120, 20, 70, 70, 2660, 2660, 120, 5320, 410, 410, 160, 500, 70, 3920, 160, 540, 540, 160, 20, 41800, 450, 150, 150, 150, 450, 100, 20, 160, 1240, 160, 20, 250, 0, 0, 20, 20, 1720, 30, 1720, 40, 50, 50, 40, 40, 980, 60, 240, 980, 240, 440, 540, 0, 0, 740, 540, 740, 560, 1870, 16040, 50, 90, 16040, 90, 320, 3950, 660, 660, 670, 70, 1950, 10, 10, 1950, 1960, 1960, 240, 270, 2400, 2400, 2140, 2140, 3260, 20, 410, 3260, 20, 410, 10810, 220, 220, 16030, 40, 0, 0, 40, 13840, 20, 13840, 100, 7500, 570, 1930, 1930, 10, 105440, 105440, 10, 760, 120, 4050, 4050, 120, 3720, 30, 20, 30, 70, 70, 800, 20, 200, 200, 3760, 60, 360, 60, 3760, 60, 1360, 13720, 2130, 1360, 2130, 70, 10, 3130, 10, 140, 520, 520, 3130, 140, 70, 7600, 610, 610, 30, 10, 14230, 10, 30, 1340, 290, 1340, 290, 410, 2410, 3020, 4700, 1960, 1960, 900, 360, 900, 370, 510, 30, 30, 1440, 20, 450, 1440, 450, 3700, 20, 5820, 20, 10, 20, 30, 2030, 660, 10, 640, 640, 30, 660, 10, 670, 10, 420, 1760, 230, 230, 1760, 29360, 100, 930, 60, 7290, 20, 240, 60, 16600, 7290, 240, 16600, 220, 700, 700, 50, 580, 6180, 50, 50, 120, 0, 430, 110, 40, 80, 100, 100, 80, 70, 70, 370, 370, 510, 510, 2040, 90, 2040, 180, 1070, 90, 1070, 180, 70, 5090, 930, 4190, 150, 10, 210, 150, 10, 210, 160, 1520, 160, 50, 50, 3580, 10, 10, 50, 50, 360, 360, 3320, 7360, 780, 780, 356560, 70, 40, 70, 356560, 40, 480, 110, 200, 10, 130, 50, 50, 160, 340, 160, 10, 1820, 190, 190, 20, 1400, 2090, 20, 1400, 8920, 1490, 80, 1490, 80, 150, 2060, 1340, 450, 2060, 450, 22770, 20, 60, 70, 60, 70, 9100, 1310, 9100, 20, 60, 1310, 20, 150, 0, 198180, 150, 198180, 320, 0, 320, 4310, 80, 30, 80, 4310, 6210, 1120, 2410, 10, 60, 60, 1120, 10, 1480, 1480, 10, 10, 10, 10, 2980, 70, 2980, 70, 4150, 1080, 7000, 7000, 5190, 110, 5300, 3840, 3840, 5300, 5190, 50, 10820, 4430, 10820, 4430, 30, 2240, 30, 20, 3320, 1140, 950, 1140, 660, 4030, 2190, 5810, 2190, 5810, 53750, 10, 6170, 10, 6170, 53750, 17580, 17580, 250, 250, 2190, 2190, 1340, 110, 1340, 470, 3390, 3840, 3390, 3840, 650, 650, 3860, 12360, 50, 50, 310, 1700, 1860, 310, 1860, 1700, 110, 80, 210, 2490, 210, 1810, 1810, 2490, 60, 210, 210, 1460, 7640, 30, 1460, 30, 50, 50, 120, 260, 0, 0, 890, 5100, 20, 0, 10, 270, 10, 0, 15980, 100, 430, 500, 430, 500, 180, 40, 40, 18270, 30, 330, 30, 330, 0, 3780, 270, 270, 3780, 70, 41800, 70, 41800, 0, 780, 0, 4170, 140, 140, 11240, 10, 900, 870, 900, 2600, 2600, 3930, 2920, 20, 2920, 20, 300, 3210, 410, 3210, 410, 30, 380, 380, 30, 50, 2760, 50, 3690, 3690, 2760, 10150, 10150, 0, 310, 460, 430, 10, 550, 0, 1810, 80, 80, 0, 4170, 10, 2660, 1400, 5700, 5700, 1400, 100, 100, 140, 680, 680, 370, 140, 3080, 680, 680, 3080, 0, 90, 9210, 9210, 12190, 100, 100, 740, 190, 30, 200, 3220, 430, 520, 1010, 520, 1010, 7250, 1710, 30, 30, 70, 70, 50, 50, 17650, 52650, 550, 550, 220, 290, 290, 1380, 50, 50, 30, 90, 10, 30, 640, 30, 670, 170, 640, 100, 130, 130, 2790, 2790, 360, 1860, 60, 21010, 1860, 21010, 60, 2500, 2100, 70, 70, 3220, 80, 80, 40, 0, 50, 40, 50, 0, 90, 90, 1940, 420, 3720, 3720, 420, 470, 1050, 260, 1020, 1020, 20, 20, 80, 160, 160, 3660, 17170, 3660, 280, 280, 110, 0, 0, 20, 330, 20, 330, 10, 3030, 400, 180, 2480, 3730, 2480, 970, 10, 130, 10, 130, 10, 30, 10, 50, 8450, 30, 10, 40, 10, 10, 10, 150, 10, 18050, 18050, 150, 3520, 80, 1470, 9860, 780, 25230, 25230, 0, 70, 0, 120, 0, 150, 10020, 150, 20, 70, 70, 510, 50, 50, 510, 0, 180, 3290, 180, 3290, 10, 22420, 1330, 5010, 5010, 2110, 3520, 1330, 2690, 20, 20, 10, 10, 10, 10, 7270, 600, 500, 500, 7270, 280, 3220, 3220, 30, 30, 60, 30, 30, 240, 240, 360, 1710, 1710, 190, 150, 2070, 2070, 10, 10, 16070, 530, 530, 16070, 10, 560, 160, 0, 130, 1210, 0, 11820, 100, 100, 11820, 50, 260, 10, 70, 10, 240, 260, 70, 70, 390, 17080, 30, 30, 17080, 4760, 300, 30, 1840, 1840, 30, 300, 3110, 3380, 3110, 100, 9560, 2670, 2670, 100, 9560, 20, 170, 60, 200, 1390, 240, 580, 140, 1160, 120, 120, 140, 1160, 290, 0, 290, 20, 110, 20, 100, 100, 0, 390, 390, 1340, 20, 1410, 1410, 20, 60, 60, 520, 360, 360, 520, 60, 15610, 160, 160, 4180, 4180, 190, 10, 220, 1080, 10, 2330, 100, 9140, 100, 9140, 30, 1570, 9540, 520, 2790, 15480, 50, 50, 7610, 1000, 0, 20, 10, 1000, 20, 0, 2110, 130, 90, 170, 57920, 1880, 170, 57920, 130, 170, 50, 470, 190, 190, 20, 910, 910, 560, 0, 0, 820, 820, 1060, 150, 150, 500, 1060, 500, 280, 280, 120, 2850, 1390, 1390, 10130, 2850, 70, 170, 7610, 650, 0, 10, 220, 220, 10, 40, 0, 650, 0, 0, 390, 70, 2660, 120, 50, 120, 2060, 390, 5410, 5020, 30, 30, 390, 5020, 6780, 2000, 2000, 840, 220, 840, 220, 50, 40, 1390, 60, 1390, 60, 0, 10, 10, 50, 80, 0, 80, 0, 20, 20, 20, 650, 220, 220, 20, 260, 20, 240, 20, 140, 140, 290, 290, 9180, 20, 1220, 490, 1220, 490, 20, 5130, 1330, 5130, 1370, 2400, 50, 1370, 2400, 110, 110, 30, 30, 7610, 350, 10660, 470, 470, 10660, 3760, 390, 630, 20, 1700, 570, 570, 31500, 0, 0, 150, 520, 430, 1030, 1730, 18340, 260, 260, 9180, 7460, 0, 0, 7460, 330, 90, 7060, 12430, 80, 80, 7060, 12430, 7610, 290, 80, 80, 350]"
2020-10-23 00:10:00+00:00,3988760,6,1171.0,"[2020, 2020, 2070, 2070, 1570, 120, 40, 120, 1570, 40, 20, 1260, 1790, 230, 80, 20, 60, 610, 20, 2920, 60, 60, 150, 600, 150, 0, 770, 340, 340, 0, 630, 3450, 3450, 140, 0, 35900, 0, 20, 20, 180, 180, 10, 2000, 30, 2570, 10, 2000, 30, 70, 3980, 250, 3980, 70, 250, 10, 1740, 70, 150, 150, 70, 1740, 2070, 460, 460, 20, 20, 2070, 230, 10, 30, 10, 30, 280, 200, 420720, 1260, 1260, 3680, 670, 10, 50, 60, 60, 0, 10, 110, 110, 16120, 490, 3790, 510, 3790, 1640, 1640, 2080, 2080, 660, 110, 110, 140, 140, 90, 90, 120, 460, 10, 260, 460, 180, 260, 10, 60, 60, 60, 120, 380, 1290, 370, 30, 30, 60, 10440, 10440, 60, 2950, 160, 160, 20, 20, 5210, 70, 50, 120, 50, 160, 120, 160, 110, 110, 180, 10, 10, 180, 960, 960, 0, 10220, 120, 1620, 8600, 8600, 6180, 850, 6180, 10, 180, 10, 580, 130, 130, 180, 580, 5260, 30, 570, 570, 1100, 3660, 3660, 2920, 570, 570, 290, 460, 1130, 5100, 290, 5100, 10, 160, 280, 120, 50, 1200, 7180, 20, 7180, 50, 260, 20, 130, 130, 100, 630, 100, 300, 1450, 300, 220, 450, 970, 970, 220, 7040, 7040, 0, 0, 30, 280, 280, 440, 330, 16860, 330, 260, 4480, 4480, 260, 400, 120, 50, 120, 50, 10, 50, 10, 0, 240, 18370, 130, 18370, 130, 140, 140, 20, 300, 20, 3050, 3050, 5930, 13450, 20, 190, 40, 20, 2250, 117220, 40, 2250, 70, 65950, 70, 4160, 1100, 1100, 0, 0, 3390, 3390, 0, 310, 110, 20, 310, 20, 130, 50, 70, 70, 690, 60, 0, 1490, 0, 130, 130, 20, 5450, 40, 20, 20, 40, 10, 10, 60, 60, 590, 590, 370, 370, 3690, 10, 27450, 117220, 360, 117220, 360, 2630, 120, 350, 1560, 130, 350, 4380, 130, 1560, 4380, 5630, 70, 70, 23830, 190, 20, 190, 290, 3290, 290, 940, 10, 150, 150, 23830, 10, 20, 1860, 130, 130, 1860, 20, 0, 0, 12500, 4460, 2400, 1050, 31750, 1050, 31750, 2400, 20, 210, 6890, 6890, 150, 3100, 3100, 4920, 4920, 600, 600, 420, 240, 420, 470, 350, 470, 4080, 230, 10, 4080, 350, 340, 390, 390, 180, 180, 4080, 0, 2330, 1990, 0, 430, 20, 2330, 130, 1990, 20, 130, 1580, 1820, 0, 110, 60, 10, 60, 10, 90, 110, 0, 90, 27450, 2470, 2470, 1940, 10, 120, 1940, 1540, 170, 1540, 170, 13970, 40, 150, 150, 110, 110, 0, 0, 430, 60, 60, 380, 1690, 6410, 10, 480, 1620, 10, 480, 3200, 250, 0, 420, 420, 250, 0, 1580, 10, 0, 40, 110, 110, 30, 0, 10, 30, 10, 20, 40, 6110, 6110, 620, 130, 40, 30, 140, 40, 130, 1360, 1360, 100, 230, 1370, 100, 2990, 1980, 140, 80, 80, 360, 30, 110, 90, 90, 110, 30, 250, 250, 20, 10, 1020, 13180, 1020, 10, 13180, 10, 130, 130, 10, 120, 4720, 1100, 220, 1100, 120, 260, 30, 220, 80, 220, 20, 20, 9860, 20, 110, 110, 9860, 5640, 5640, 460, 460, 30, 1680, 220, 1190, 1190, 510, 510, 390, 0, 10240, 70, 3650, 10, 10, 190, 20, 110, 3160, 110, 1130, 1130, 110, 110, 1420, 1420, 140, 140, 330, 3740, 310, 40, 310, 80, 40, 80, 80, 220, 180, 2180, 180, 2180, 360, 29880, 50, 50, 680, 680, 7390, 510, 210, 2440, 20, 40, 1470, 1470, 7120, 40, 40, 40, 910, 370, 910, 150, 150, 7050, 180, 180, 10, 110, 890, 220, 220, 890, 110, 10, 5070, 5070, 90, 30, 30, 1440, 1440, 100, 4040, 80, 9850, 360, 360, 580, 360, 29880, 360, 9980, 9980, 80, 70, 70, 40, 6120, 80, 10, 10, 6120, 50, 210, 1970, 1970, 3610, 3820, 20, 1060, 3610, 50, 2920, 2920, 890, 140, 140, 1260, 10, 40, 1210, 1210, 190, 40, 40, 520, 60, 2650, 800, 60, 4660, 20, 2220, 130, 4290, 120, 370, 120, 0, 0, 20, 20, 2620, 2360, 0, 0, 30, 220, 10280, 10280, 2770, 30, 10, 10, 0, 14440, 170, 14440, 190, 220, 220, 34040, 160, 160, 6240, 6240, 120, 120, 40, 30, 30, 320, 2760, 320, 2760, 60, 60, 60, 60, 13480, 490, 390, 5010, 45210, 45210, 630, 630, 190, 60, 60, 1450, 20, 20, 160, 160, 300, 27450, 300, 20, 200, 200, 0, 400, 0, 80760, 1400, 200, 200, 1190, 1400, 80760, 1190, 210, 220, 2640, 60, 60, 10, 10, 2010, 1680, 180, 1680, 10, 480, 10, 10, 170, 2280, 460, 150, 150, 460, 130, 2730, 4790, 600, 50, 220, 11970, 11970, 130, 130, 4790, 170, 1370, 1370, 170, 730, 2230, 0, 0, 490, 50, 50, 6250, 6250, 220, 2490, 2490, 1560, 220, 1460, 0, 480, 110, 0, 5920, 1460, 370, 5590, 54810, 280, 280, 20, 20, 0, 1090, 1090, 20, 1410, 1410, 270, 10, 180, 10, 180, 270, 950, 8760, 1400, 8760, 3980, 170, 60, 2340, 2340, 60, 90, 170, 90, 2380, 2380, 20, 20, 9750, 20, 20, 4280, 4280, 9750, 80, 80, 2880, 55030, 100, 1740, 140, 1740, 140, 370, 4900, 160, 4900, 4150, 0, 960, 960, 4810, 390, 89370, 20, 80, 130, 40, 2020, 100, 2020, 40, 130, 150, 260, 20, 2010, 20, 2010, 310, 8110, 310, 140, 1680, 2540, 9830, 190, 190, 710, 2350, 290, 240, 240, 290, 10, 3820, 3820, 20, 400, 120, 400, 2120, 260, 2330, 2080, 2080, 1350, 2330, 18550, 70, 70, 1350, 10, 270, 280, 10, 270, 280, 1710, 2420, 30, 30, 60, 60, 440, 10, 960, 1550, 260, 260, 2260, 90, 90, 80, 500, 500, 180, 170, 0, 10, 0, 10, 2830, 10, 10, 0, 200, 200, 1750, 1120, 1830, 200, 720, 870, 1730, 1730, 360, 360, 30, 30, 4860, 4860, 7290, 7290, 20, 7700, 11880, 20, 30, 8050, 7700, 8050, 130, 130, 2600, 10, 10, 250, 9260, 9260, 250, 3450, 150, 430, 12920, 90, 90, 430, 12920, 1230, 1230, 15210, 0, 2810, 0, 10, 15210, 440, 440, 580, 690, 3680, 10, 10, 250, 250, 9930, 7340, 9930, 1570, 1390, 1390, 5520, 3040, 3040, 6600, 8750, 6600, 5190, 90, 40, 300, 1890, 1890, 44830, 3920, 6410, 6410, 180, 850, 90, 34290, 1110, 50, 34290, 50, 1110, 90, 2180, 50, 620, 50, 140, 2960, 2600, 2960, 40, 60, 90, 60, 710, 70, 170, 170, 70, 10, 1980, 40, 1560, 40, 1560, 487350, 8500, 3680, 750, 110, 860, 6740, 60, 160, 6740, 60, 0, 160, 2770, 220, 1030, 20, 20, 1030, 6100, 10, 10, 6100, 20, 20, 40, 40, 420, 2640, 5920, 5920, 10, 10, 460, 9110, 8420, 520, 910, 520, 910, 8420, 80, 80, 1680, 120, 70, 0, 0, 2220, 70, 180, 220, 40, 40, 3830, 40, 40, 2570, 20, 2490, 380, 30, 290, 1300, 60, 60, 100, 230, 21470, 230, 70, 1320, 530, 470, 530, 3600, 0, 50, 0, 60, 570, 0, 22830, 120, 5300, 120, 5300, 0, 3830, 2190, 120, 6180, 2190, 6180, 680, 10, 680, 10, 6360, 40, 50, 50, 290, 21470, 220, 20, 16890, 20, 50, 1940, 600, 40, 70, 4390, 4390, 130, 2930, 40, 2930, 10, 3600, 3130, 10, 3130, 60, 60, 0, 90, 90, 8420, 7040, 150, 20, 2760, 20, 30, 6360, 6360, 30, 720]"
2020-10-23 00:15:00+00:00,3922540,3,1025.0,"[9140, 9140, 1380, 1380, 210, 3300, 940, 1280, 1280, 20, 7460, 3300, 940, 7460, 5310, 5310, 30, 21050, 280, 70, 1370, 110, 110, 360, 10, 670, 670, 3660, 140, 850, 60, 70, 70, 60, 520, 4730, 1660, 90, 590, 130, 90, 80, 80, 360, 10000, 360, 10000, 1120, 520, 1120, 4740, 1380, 710, 710, 360, 0, 860, 0, 860, 20, 440, 7330, 80, 400, 19370, 1220, 520, 200, 2880, 10, 240, 13350, 13350, 1290, 3490, 28600, 28600, 190, 30, 3780, 5430, 300, 2640, 2140, 70, 300, 5430, 70, 4290, 1220, 1820, 1820, 390, 1820, 4870, 1890, 140, 80, 220, 60, 60, 590, 3490, 3720, 3720, 40, 40, 360, 270, 6550, 270, 260, 530, 1270, 80, 80, 240, 240, 400, 100, 2620, 3220, 2620, 3220, 30, 1540, 40, 30, 0, 0, 4100, 6730, 10810, 6730, 30, 1770, 140, 40, 40, 150, 2710, 7250, 50, 20, 50, 7250, 300, 176880, 520, 520, 10, 2000, 80, 80, 80, 80, 10, 16610, 1810, 6320, 1810, 320, 1140, 1160, 5070, 160, 4740, 7930, 7930, 680, 30, 120, 60, 30, 300, 1550, 4460, 300, 1550, 4460, 140, 3010, 120, 120, 5550, 10, 10, 70, 6610, 1210, 4480, 3520, 1990, 60, 20, 12670, 20, 580, 580, 80, 9490, 230, 230, 810, 0, 550, 150, 150, 5500, 20, 210, 300, 3740, 300, 4080, 30, 2260, 2430, 0, 1910, 2260, 0, 2430, 230, 1190, 20, 20, 130, 340, 6720, 60, 6720, 710, 50, 300, 10, 10, 10, 80, 10, 180, 100, 2770, 160, 160, 3080, 10, 350, 2650, 40, 240, 10920, 2650, 40, 240, 110, 1480, 5260, 5260, 6040, 40, 330, 40, 30, 40, 2920, 2920, 190, 960, 80, 320, 5480, 960, 190, 110, 40, 40, 110, 10580, 10, 487350, 170, 100, 3670, 40, 40, 3670, 20, 20, 240, 7220, 20, 3340, 3340, 7220, 240, 20, 280, 7270, 420, 20, 420, 20, 1160, 310, 770, 3610, 190, 300, 1750, 300, 770, 1750, 280, 780, 600, 150, 2310, 5300, 150, 30, 20, 0, 0, 300, 20, 300, 20, 60, 20, 60, 20, 10, 16780, 5030, 30, 5030, 10, 5620, 16100, 80, 80, 8960, 5250, 5880, 640, 640, 340, 280, 8050, 3830, 60, 140, 140, 810, 810, 4100, 4100, 430, 150, 430, 150, 20, 1590, 43250, 20, 0, 1720, 5530, 160, 30, 350, 980, 980, 4340, 4340, 800, 10190, 70, 170, 1030, 780, 170, 1030, 12840, 12840, 1100, 1210, 1210, 5800, 17340, 900, 1700, 3310, 1410, 3030, 100, 2580, 310, 640, 190, 40, 4770, 810, 80, 80, 1980, 50, 100, 100, 620, 1430, 4770, 10, 1640, 600, 4680, 100, 0, 0, 3440, 8100, 8100, 3300, 6800, 2610, 360, 2610, 230, 20, 50, 3330, 3330, 90, 440, 440, 580, 140, 150, 2300, 190, 430, 430, 40, 70, 3510, 180, 1400, 300, 8280, 0, 300, 110, 0, 380, 820, 460, 2350, 0, 14520, 220, 20, 100, 100, 10, 3490, 0, 0, 2270, 20, 2570, 20, 2570, 730, 210, 100, 90, 710, 100, 210, 3640, 40, 30, 30, 3370, 3370, 90, 90, 90, 800, 3490, 850, 850, 60, 6760, 180, 100, 1400, 100, 1400, 410, 110, 30, 30, 100, 10, 0, 590, 590, 0, 1020, 5520, 5520, 600, 70, 180, 70, 330, 1920, 1920, 2610, 660, 4730, 4730, 300, 10280, 50, 690, 690, 40, 380, 880, 1040, 2120, 2400, 30, 240, 240, 2120, 2010, 2480, 2480, 10, 8090, 1790, 6470, 20, 1790, 1380, 60, 730, 1020, 1020, 20, 20, 10, 10, 11820, 1820, 10, 420, 1020, 350, 350, 60, 2580, 20, 11180, 3450, 220, 3180, 3180, 1160, 390, 20, 120, 10, 150, 3060, 1990, 3060, 10, 12140, 170, 4700, 4700, 1020, 40, 530, 110, 390, 50, 29360, 140, 5680, 320, 5680, 320, 930, 29360, 930, 2790, 1790, 1790, 20, 530, 150, 20, 4200, 17790, 430, 430, 370, 50, 100, 100, 10, 2200, 60, 150, 10, 60, 4270, 4270, 1080, 540, 200, 460, 200, 50, 100, 100, 400, 10, 400, 1990, 230, 400, 40, 12270, 40, 70, 110, 170, 0, 8090, 70, 60, 70, 8120, 1600, 790, 8120, 60, 1600, 1020, 340, 340, 10, 10, 30, 310, 30, 3360, 3360, 210, 130, 9020, 1870, 300, 530, 5230, 5230, 530, 160, 30, 160, 420, 420, 1680, 30, 670, 670, 4100, 4100, 90, 180, 8050, 390, 280, 390, 280, 3550, 5020, 1350, 3550, 70, 540, 20, 4830, 4830, 8050, 220, 100, 100, 270, 10, 170, 170, 20, 1870, 8090, 70, 5230, 5230, 20200, 170, 12270, 1930, 1930, 60, 220, 3090, 1580, 1580, 60, 220, 1120, 1120, 170, 14930, 14930, 860, 160, 10, 620, 660, 100, 10, 100, 1900, 1990, 1990, 113570, 3350, 2320, 0, 0, 200, 200, 230, 20, 860, 860, 110, 1020, 180, 270, 1020, 50, 50, 40600, 2130, 10, 70, 10, 170, 1900, 2350, 13890, 44990, 540, 20, 20, 480, 109260, 830, 30, 40, 140, 140, 40, 40, 30, 30, 3480, 3480, 90, 30, 3070, 3070, 2910, 20, 1500, 730, 730, 700, 20, 700, 4190, 4190, 150, 520, 520, 40, 20, 6280, 120, 0, 10, 190, 10, 20, 190, 0, 0, 10, 40, 10, 40, 3810, 100, 100, 40, 700, 700, 0, 460, 160, 140, 910, 50, 50, 20, 740, 740, 40, 40, 20, 20, 10, 10, 30, 30, 4090, 910, 1990, 1990, 3400, 250, 0, 2300, 2750, 30, 30, 420720, 420720, 320, 320, 6030, 30, 30, 2700, 6030, 1390, 1390, 740, 790, 6330, 160, 340, 2280, 110, 160, 160, 110, 150, 2040, 410, 11050, 140, 3650, 390, 390, 410, 5900, 180, 630, 20, 20, 150, 20, 2260, 20, 2260, 1600, 1600, 40, 3710, 40, 3710, 3920, 0, 10, 0, 0, 100, 650, 3120, 3120, 650, 510, 2300, 8790, 8790, 520, 520, 40, 40, 470, 1080, 470, 1080, 18130, 1050, 2690, 4130, 4130, 190, 2590, 4860, 6840, 13180, 13180, 950, 950, 2610, 10, 10, 0, 1310, 860, 50, 860, 0, 2550, 2550, 230, 230, 100, 910, 410, 450, 450, 3520, 2340, 410, 110, 180, 110, 130, 32260, 450, 10, 10, 32260, 30, 30, 780, 270, 10, 10, 600, 20, 20, 840, 2040, 2040, 1250, 20, 3030, 3030, 6630, 10860, 4860, 4860, 12730, 50, 430, 12730, 430, 2150, 3110, 390, 3110, 390, 6630, 300, 130, 130, 100, 820, 5950, 3490, 6370, 2740, 1030, 160, 2740, 160, 1030, 3160, 410, 110, 1780, 900, 20, 32260, 350, 350, 32260, 2200, 1390, 6370, 1320]"
2020-10-23 00:20:00+00:00,1449340,0,631.0,"[20, 90, 6460, 90, 160, 520, 450, 1760, 450, 1910, 1910, 60, 120, 1380, 1390, 5960, 260, 150, 210, 20, 20, 450, 20, 20, 2250, 2250, 0, 0, 380, 32260, 870, 870, 30, 110, 110, 1450, 1450, 23740, 2700, 2700, 23740, 150, 4210, 280, 4210, 280, 2410, 150, 190, 170, 5800, 240, 190, 9220, 5950, 320, 380, 70, 7840, 7840, 450, 160, 160, 60, 60, 670, 670, 780, 780, 600, 80, 250, 10, 10, 630, 630, 60, 60, 2260, 60, 20, 20, 2230, 2230, 1920, 290, 210, 30, 30, 13300, 210, 12960, 530, 240, 4200, 100, 100, 970, 970, 510, 500, 310, 500, 510, 310, 100, 50, 50, 5070, 290, 290, 5070, 1840, 1840, 20, 340, 20, 470, 3880, 70, 20, 710, 0, 0, 880, 30, 10, 10, 170, 20, 600, 3940, 7840, 7840, 40, 9010, 920, 920, 120, 5830, 8950, 8420, 70, 80, 0, 760, 30, 30, 760, 0, 8030, 100, 100, 190, 190, 500, 100, 100, 80, 360, 180, 40, 140, 320, 140, 320, 3400, 1480, 220, 50, 1840, 150, 150, 900, 900, 70, 100, 440, 440, 20, 30, 210, 40, 12690, 210, 12690, 40, 1660, 520, 520, 3080, 1390, 220, 47740, 220, 10, 10, 120, 15870, 570, 3080, 1490, 1490, 3080, 1390, 1390, 250, 1620, 2200, 5340, 5340, 2200, 10, 20, 10, 20, 2810, 2810, 190, 10710, 140, 140, 30, 2330, 490, 490, 30, 690, 690, 120, 380, 2420, 6940, 6940, 1020, 5740, 70, 100, 100, 1680, 1680, 550, 350, 320, 320, 20, 710, 5100, 330, 1750, 330, 10440, 40, 20, 20, 0, 1440, 780, 260, 10, 70, 4250, 4250, 10, 20, 460, 20, 10, 100, 9910, 9910, 6030, 1810, 20, 20, 1810, 100, 1330, 1330, 190, 1030, 7560, 760, 1650, 80, 1660, 270, 5950, 2210, 1020, 1020, 41820, 550, 2700, 10, 2640, 2640, 180, 320, 50, 7270, 160, 460, 4780, 160, 460, 4780, 250, 1440, 910, 1500, 90, 50, 5760, 5760, 340, 10, 390, 1200, 1200, 2390, 140, 140, 490, 170, 350, 170, 1660, 1660, 350, 1580, 20200, 20, 20, 590, 430, 80, 80, 180, 80, 80, 300, 1180, 2520, 7390, 3980, 510, 140, 320, 320, 510, 5630, 20, 20, 10, 380, 820, 3760, 820, 2890, 2750, 2750, 9400, 10, 12350, 17060, 9470, 10, 11270, 90, 480, 80, 80, 1410, 1320, 10580, 1320, 30, 30, 10, 29360, 29360, 1290, 1290, 0, 11270, 0, 10, 1190, 60, 60, 150, 1160, 1160, 90, 5020, 250, 250, 690, 690, 540, 970, 3390, 80, 80, 80, 340, 100, 480, 100, 3380, 10, 10, 3950, 30, 30, 110, 3680, 3210, 280, 10, 400, 400, 140, 2660, 30, 4440, 5020, 5020, 2330, 900, 4440, 170, 0, 0, 20, 320, 120, 120, 2810, 190, 960, 260, 90, 40, 90, 40, 20, 520, 980, 250, 980, 250, 30, 160, 30, 580, 580, 1560, 1100, 320, 18140, 570, 18140, 570, 80, 10, 10, 350, 510, 60, 640, 290, 490, 290, 490, 110, 1730, 450, 1410, 1130, 3030, 1930, 90, 830, 340, 90, 340, 30, 4230, 6330, 110, 110, 1170, 220, 220, 330, 1710, 330, 20, 190, 140, 1650, 140, 1650, 30, 30, 790, 120, 860, 330, 330, 180, 13850, 10160, 10160, 0, 320, 6500, 830, 80, 3730, 20, 20, 490, 350, 490, 3230, 140, 140, 15960, 180, 180, 90, 90, 15530, 90, 11380, 740, 260, 740, 20080, 20080, 6500, 10, 90, 10, 60, 60, 1300, 1300, 290, 1580, 20, 70, 220, 170, 2340, 120, 1720, 30, 30, 4600, 180, 180, 2320, 6520, 120, 320, 1910, 1300, 8850, 8850, 850, 30, 240, 4360, 20, 20, 10, 0, 0, 210, 69000, 170, 300, 50, 50, 1080, 840, 90, 460, 460, 100, 100, 37910, 5060, 37910, 5060, 620, 620, 30, 210, 940, 940, 30, 30, 1100, 1100, 180, 140, 140, 570, 1680, 13950, 13950, 10, 10, 2120, 70, 320, 70, 320, 8310, 8310, 1370, 2100, 2100, 80, 3950, 3950]"
2020-10-23 00:25:00+00:00,1430990,5,609.0,"[640, 3850, 680, 180, 1270, 680, 180, 1270, 780, 780, 13190, 13190, 100, 1460, 30, 30, 10, 10, 7140, 60, 50, 50, 350, 40, 40, 240, 1070, 100, 100, 450, 60, 10, 60, 450, 10, 122110, 122110, 50, 50, 130, 4690, 4630, 1070, 3510, 80, 620, 30, 620, 80, 1520, 340, 340, 10, 10, 370, 190, 370, 190, 640, 430, 330, 200, 200, 330, 120, 0, 0, 1200, 20, 20, 660, 4560, 10, 10, 10, 10, 10, 10, 160, 2700, 10, 80, 360, 170, 250, 0, 0, 230, 80, 1750, 1750, 4560, 60, 60, 510, 40, 370, 40, 220, 370, 2170, 140, 60, 350, 350, 100, 1650, 10, 20, 120, 1600, 4380, 4380, 70, 40, 40, 370, 370, 170, 160, 2170, 6520, 2170, 6520, 33010, 210, 1950, 1950, 210, 3370, 3370, 770, 480, 590, 230, 20, 60, 20, 60, 40, 4020, 4020, 120, 430, 560, 560, 30, 140, 520, 10100, 11240, 230, 230, 120, 3060, 3060, 1590, 7300, 7300, 6160, 13210, 1660, 0, 0, 59100, 180, 59100, 4100, 9190, 4100, 200, 7510, 110, 110, 30, 380, 380, 30, 240, 290, 2910, 260, 20, 260, 20, 1680, 1680, 30, 30, 110, 200, 20, 120, 16300, 120, 9980, 20, 20, 60, 70, 110, 910, 220, 5520, 220, 5520, 200, 20, 3310, 200, 5480, 5480, 1350, 310, 0, 1350, 0, 1290, 4820, 110, 110, 1540, 210, 210, 240, 240, 110, 110, 90, 90, 750, 750, 1250, 1130, 140, 1130, 2740, 0, 11000, 11000, 0, 3080, 180, 2170, 930, 2100, 2100, 8180, 4120, 70, 40, 20, 20, 270, 1250, 270, 10, 180, 180, 26150, 2020, 110, 290, 5390, 2810, 210, 210, 660, 70, 510, 1120, 1120, 2590, 2590, 180, 110, 180, 110, 180, 220, 220, 20, 950, 950, 300, 300, 1160, 2800, 270, 8510, 8510, 30, 30, 360, 360, 8290, 8290, 80, 80, 140, 140, 2580, 6290, 200, 200, 5110, 5110, 80, 80, 2170, 340, 340, 290, 260, 10, 1030, 70, 70, 1610, 360, 40, 710, 40, 460, 460, 70, 70, 10, 10, 90, 90, 590, 590, 5780, 2020, 200, 0, 0, 4490, 4390, 290, 1020, 1020, 1010, 1010, 0, 2740, 2740, 8310, 130, 0, 20, 570, 570, 220, 3280, 80, 80, 1770, 40, 5350, 2200, 2200, 40, 470, 470, 100, 0, 0, 660, 50, 50, 30, 130, 130, 80, 50, 5120, 20, 5120, 20, 1470, 1630, 1630, 210, 170, 10, 10, 160, 340, 610, 570, 840, 840, 140, 140, 1720, 310, 80, 1720, 80, 640, 310, 160, 70, 70, 0, 0, 580, 270, 50, 270, 50, 450, 150, 260, 150, 150, 10600, 340, 270, 20, 270, 15850, 15850, 60, 80, 80, 1290, 1290, 110, 0, 190, 330, 220, 220, 30, 20, 30, 520, 170, 50, 520, 170, 50, 0, 400, 0, 9380, 20, 20, 30, 310, 310, 5550, 3160, 1600, 8700, 8700, 450, 450, 700, 700, 4030, 4030, 13850, 50, 1850, 3120, 9750, 9750, 20, 20, 2980, 0, 0, 1690, 11270, 11270, 30, 920, 440, 440, 230, 5400, 170, 15020, 15020, 3430, 3430, 40, 310, 230, 50, 220, 510, 510, 130, 130, 370, 11840, 210, 240, 3600, 3600, 240, 60, 30, 410, 160, 20, 50, 510, 510, 3740, 2480, 4040, 4240, 310, 50, 150, 150, 1680, 1680, 3420, 1300, 0, 350, 60, 60, 10, 110, 10, 110, 120, 120, 20, 20, 100, 3820, 10, 10, 73330, 280, 73330, 110, 110, 80, 80, 3800, 220, 60, 60, 880, 880, 60, 430, 430, 10, 10, 30, 30, 450, 360, 800, 800, 270, 270, 90, 90, 770, 770, 20, 40, 3370, 40, 3370, 1170, 1170, 3330, 3330, 40, 40, 40, 40, 3040, 3040, 80, 930, 930, 4900, 230, 4900, 230, 20, 0, 3540, 0, 1910, 70, 70, 1220, 1220, 40, 40, 1660, 3180, 3180, 180]"
2020-10-23 00:30:00+00:00,1574500,2,494.0,"[2140, 4440, 1970, 100, 100, 4240, 540, 620, 440, 1240, 440, 4860, 820, 0, 1240, 180, 180, 20, 20, 100, 250, 10, 10, 300, 150, 70, 150, 70, 250, 250, 2440, 730, 830, 830, 1430, 360, 270, 360, 270, 4150, 120, 4660, 4660, 1010, 22560, 30490, 1840, 20, 20, 1840, 40, 40, 20, 14470, 14470, 10, 40, 40, 150, 150, 9980, 9980, 470, 470, 3470, 3470, 220, 220, 1180, 30, 460, 8510, 600, 180, 20, 20, 20, 2640, 60, 160, 160, 220, 80, 1690, 80, 1220, 44060, 90, 1440, 90, 1360, 680, 23410, 680, 3530, 320, 2220, 2220, 1610, 4400, 1610, 4400, 280, 180, 10120, 10120, 1750, 250, 1750, 380, 380, 41960, 610, 590, 590, 610, 10790, 510, 20, 320, 460, 20, 460, 5700, 20, 6180, 6180, 3120, 370, 9630, 30, 2520, 6580, 1050, 10, 80, 160, 1490, 120, 590, 5370, 10, 5370, 10, 590, 11310, 11310, 100, 100, 10, 10, 120, 180, 20, 20, 220, 10, 10, 210, 40, 40, 350, 30, 350, 5910, 30, 5910, 10, 10, 10, 10, 10, 3670, 3670, 780, 780, 20, 20, 1810, 8180, 8180, 0, 0, 11590, 10, 10, 60, 3510, 150, 20, 20, 3490, 3490, 7060, 180, 1170, 290, 10, 740, 740, 170, 170, 140, 41800, 310, 20, 20, 1090, 2060, 2060, 350, 4010, 10, 10, 40, 90, 3510, 3510, 1370, 1370, 8150, 0, 0, 1800, 40, 12100, 12100, 5390, 10, 10, 2930, 20, 20, 570, 1650, 1490, 100, 1650, 1490, 100, 510, 540, 340, 200, 340, 350, 4450, 3020, 3020, 1740, 1740, 580, 790, 510, 0, 0, 790, 510, 140, 5200, 170, 6920, 6920, 170, 60, 2040, 50, 2970, 2970, 50, 1400, 1600, 1600, 540, 1640, 0, 0, 1640, 50, 2860, 1130, 30, 2140, 2140, 540, 1060, 3200, 1080, 120, 60, 60, 120, 60, 2280, 5620, 10, 10, 60, 2280, 22900, 730, 730, 9100, 23960, 23960, 9100, 10, 10, 50, 50, 1940, 30, 1940, 22900, 3420, 30, 540, 360, 360, 120, 120, 15840, 50, 50, 810, 130, 130, 1150, 1150, 30, 30, 1740, 220, 40, 40, 80, 4150, 224960, 16170, 224960, 910, 160, 620, 0, 160, 160, 0, 120, 2830, 2830, 10, 360, 1620, 1620, 210, 1150, 1150, 80, 80, 1200, 1880, 80, 280, 160, 5090, 1010, 350, 280, 280, 110, 2540, 390, 390, 30, 210, 3660, 700, 5190, 300, 70, 5840, 1860, 25090, 1780, 190, 190, 220, 1100, 2650, 1060, 1060, 4750, 4750, 1280, 1280, 30, 40, 390, 390, 30, 130, 1770, 10120, 700, 10120, 320, 0, 1490, 150, 150, 210, 7980, 7980, 2300, 20, 20, 7870, 2370, 1340, 1340, 280, 60, 870, 10580, 870, 7370, 440, 1440, 190, 200, 960, 960, 130, 4020, 4020, 60, 60, 130, 310, 200, 310, 200, 670, 670, 90, 80, 480, 40, 3490, 3490, 80, 2680, 2680, 170, 170, 6860, 6860, 60, 3010, 740, 740, 1560, 1560, 10120, 130, 2500, 5850, 1390, 5850, 400, 400, 10, 10, 4030, 0, 350, 350, 0, 530, 530, 10, 10, 1070, 1070, 10, 3940, 60, 60, 50, 50, 100, 3120, 100, 3120]"
2020-10-23 00:35:00+00:00,1650760,4,521.0,"[430, 3430, 3430, 20, 20, 3410, 3410, 1060, 5920, 0, 1060, 5920, 410, 2850, 2840, 2840, 140, 3160, 60, 160, 160, 90, 90, 40, 20, 20, 0, 0, 5270, 5270, 1550, 150, 5680, 150, 340, 340, 0, 0, 320, 90, 60, 90, 60, 320, 90, 60, 130, 130, 50, 50, 1360, 1360, 420, 420, 1770, 60, 450, 450, 60, 10, 10, 130, 260, 260, 20, 440, 20, 440, 340, 10, 380, 50, 10, 2540, 0, 340, 3010, 3010, 0, 10, 4180, 19720, 19720, 1300, 30, 500, 720, 720, 1810, 3780, 3780, 200, 200, 1640, 1540, 30, 10120, 30, 2120, 3490, 420, 3490, 420, 2400, 80, 80, 10, 10, 520, 2570, 80, 290, 50, 290, 80, 80, 50, 0, 240, 30, 520, 4050, 170, 160, 160, 240, 3920, 3920, 1170, 650, 350, 1480, 300, 300, 20310, 60, 910, 1160, 1160, 910, 5700, 8080, 8080, 40, 30, 40, 20, 220, 220, 3530, 3530, 620, 10, 10, 720, 30, 50, 50, 50, 50, 2710, 30, 80, 80, 2200, 910, 910, 20, 40, 20, 279700, 279700, 80, 780, 0, 3130, 10, 0, 10, 70, 340, 70, 340, 2310, 1310, 1310, 10, 440, 10, 440, 160, 540, 2570, 0, 10, 10, 2570, 40, 8600, 8600, 740, 2780, 40, 3520, 3520, 540, 100, 50, 160, 30, 120, 160, 120, 1520, 30, 30, 470, 470, 60, 4280, 4280, 1400, 1400, 7220, 7220, 960, 250, 960, 10, 110, 110, 410, 410, 12130, 60, 40, 580, 580, 70, 350, 1000, 155490, 80, 970, 970, 740, 740, 20, 200, 200, 1110, 2290, 590, 230, 590, 230, 380, 1400, 1400, 21350, 1190, 20, 1810, 1810, 160, 160, 10, 70, 70, 360, 210, 1890, 410, 410, 210, 1890, 10, 10, 10, 1310, 1310, 60, 0, 500, 500, 430, 430, 500, 410, 680, 40, 10270, 10270, 40, 680, 40, 20, 30, 30, 1180, 1180, 180, 1180, 1570, 0, 0, 1570, 40, 900, 350, 920, 1290, 40, 140, 170, 70, 70, 840, 2540, 170, 8090, 230, 8090, 30, 2890, 4060, 4060, 2890, 500, 500, 120, 430, 40, 430, 430, 370, 2040, 210, 50, 210, 270, 270, 700, 20, 1740, 1710, 1710, 1740, 60, 60, 2880, 1870, 90, 1870, 90, 240, 20, 20, 370, 70, 20, 70, 20, 50, 10, 10, 90, 10, 10090, 30, 70, 10090, 30, 120, 120, 430, 430, 7050, 7050, 260, 3870, 960, 130, 130, 0, 70, 250, 2020, 2860, 5870, 2020, 830, 130, 0, 0, 610, 20, 610, 20, 1000, 210, 60, 210, 4670, 0, 230, 230, 280, 260, 13700, 380, 2060, 40, 3920, 3920, 5580, 420, 420, 340, 20, 19360, 19360, 90, 90, 24940, 24940, 3650, 2580, 2580, 30, 30, 35920, 470, 240, 1100, 1100, 340, 21150, 21150, 2590, 5180, 2590, 5340, 500, 540, 1300, 540, 150, 0, 150, 970, 20, 14920, 14920, 1490, 1490, 850, 850, 11690, 350, 11690, 620, 530, 60, 2660, 530, 620, 310, 310, 1700, 40, 40, 1060, 3100, 1460, 1460, 3100, 600, 2850, 250, 30, 180, 240, 3990, 70, 40, 70, 40, 40, 60, 60, 0, 26320, 20, 20, 1460, 180, 1800, 1800, 1220, 1990, 970, 1990, 970, 2240, 2240, 10, 960, 110, 2920, 2920, 30, 150, 290, 290, 50, 14130, 14130, 1790, 20, 1790]"
2020-10-23 00:40:00+00:00,1306640,0,464.0,"[60, 80, 360, 1650, 140, 100, 100, 20, 180, 180, 70, 70, 20, 20, 450, 1700, 3420, 1700, 40, 40, 640, 640, 250, 360, 360, 9160, 250, 0, 0, 26500, 26500, 5820, 3920, 1950, 8490, 8490, 200, 200, 1250, 50, 50, 12280, 2690, 2690, 130, 450, 10, 10, 210, 70, 70, 2150, 2780, 110, 2780, 1350, 1110, 410, 42580, 42580, 14440, 14440, 50, 16980, 770, 2310, 110, 110, 25160, 67320, 25160, 2420, 2420, 420, 10, 420, 490, 11820, 1430, 250, 250, 20560, 880, 350, 1330, 20, 5700, 1330, 19700, 5700, 5480, 20, 420, 420, 20, 5400, 5400, 0, 0, 630, 630, 110, 110, 290, 14250, 2120, 290, 2120, 20, 170, 4110, 170, 140, 1720, 280, 100, 1870, 1870, 3660, 1460, 910, 10, 10, 3090, 7400, 90, 10, 1060, 3680, 3680, 700, 3440, 3440, 20, 10, 1980, 110, 7150, 7150, 110, 140, 50, 40, 230, 230, 1040, 1040, 13470, 280, 20, 12820, 20, 12820, 30, 70, 30, 1900, 1900, 150, 520, 520, 90, 20, 7430, 1450, 420, 990, 18140, 420, 18140, 1020, 110, 3160, 310, 70, 70, 310, 20, 60, 760, 760, 6660, 40, 40, 110, 20, 20, 170, 40, 20, 320, 320, 1060, 2710, 1060, 30, 170, 870, 170, 50, 50, 360, 360, 120, 10, 10, 580, 2810, 320, 590, 590, 2310, 2310, 110, 2380, 8210, 160, 8210, 70, 16230, 0, 2200, 600, 2560, 1250, 460, 11040, 580, 580, 2080, 800, 800, 2080, 5820, 600, 50, 50, 19630, 19630, 220, 460, 670, 2760, 810, 3270, 3270, 560, 1640, 70, 70, 1200, 1200, 200, 3680, 1300, 90, 40, 140, 140, 100, 230, 80, 80, 7470, 20, 20, 2490, 2490, 1860, 1860, 180, 0, 2880, 410, 90, 1780, 90, 1480, 50, 1480, 400, 20, 400, 180, 180, 20, 2260, 2260, 310, 310, 350, 40, 20, 1720, 8650, 70, 5190, 3290, 3290, 1550, 520, 420, 1170, 420, 1170, 2880, 410, 410, 6990, 30, 1170, 1170, 110, 2720, 520, 520, 0, 0, 40, 380, 190, 320, 320, 70, 120, 120, 1350, 130, 230, 150, 150, 4280, 4280, 50, 110, 110, 50, 50, 40, 1560, 300, 300, 370, 370, 3490, 440, 490, 40, 520, 4360, 520, 4360, 400, 18360, 18360, 3240, 300, 670, 590, 610, 170, 170, 80, 610, 80, 940, 3570, 1900, 3280, 3280, 490, 70970, 70970, 490, 4860, 260, 4860, 510, 510, 3570, 3570, 0, 0, 20, 20, 5350, 5350, 3730, 180, 240, 180, 240, 730, 1240, 240, 20, 6820, 60, 1040, 0, 0, 200, 60, 20, 2420, 2420, 10, 5460, 3740, 70, 90, 90, 260, 260, 240, 5620, 5620, 10, 5190, 610, 5190, 610, 80, 330, 120, 330, 6320, 620, 20, 620, 20, 570, 570, 2870, 2870, 280, 280, 1760, 270, 70, 70, 30, 30, 0, 0, 520, 520, 340, 1730, 3350, 8200, 3350, 170, 8200, 4020, 4020, 8030, 13760, 30, 3410, 1870, 2710, 1510, 22550]"
2020-10-23 00:45:00+00:00,2101890,0,444.0,"[124160, 1290, 280, 9340, 500, 2990, 670, 670, 2990, 1410, 20, 60, 20, 110, 120, 520, 520, 180, 200, 10, 200, 180, 0, 100, 0, 3290, 660, 90, 90, 82550, 10, 400, 400, 10, 870, 15080, 1220, 1290, 410, 410, 1290, 280, 4990, 4990, 260, 47820, 47820, 140, 120, 2110, 2110, 50, 1020, 880, 25740, 25740, 880, 820, 23880, 23880, 740, 5430, 250, 610, 270, 2540, 670, 4560, 670, 20, 11540, 270, 300, 40, 40, 190, 40, 340, 180, 180, 7640, 90, 1050, 1050, 90, 820, 3730, 120, 2350, 1560, 1560, 160, 160, 1060, 1190, 48390, 1060, 290, 80, 1460, 1460, 440, 440, 15050, 170, 10, 10, 980, 980, 86200, 86200, 180, 2240, 2240, 190, 190, 155490, 2670, 8370, 155490, 850, 270, 520, 170, 30, 530, 5260, 1790, 3530, 3530, 450, 1240, 250, 710, 26580, 18350, 30, 30, 58700, 58700, 300, 290, 170, 60, 4070, 650, 60, 610, 330, 160, 330, 940, 940, 3740, 1010, 3650, 60, 2950, 270, 1760, 230, 0, 0, 590, 50, 2850, 2850, 910, 480, 2670, 1930, 1930, 0, 0, 2670, 3590, 3590, 580, 580, 1210, 90, 50, 3790, 3630, 120, 120, 790, 10, 5910, 5910, 2850, 110, 590, 4160, 4160, 690, 20, 20, 1740, 10, 240, 10, 10, 100, 100, 4480, 5420, 20, 40, 2860, 310, 10, 3560, 130, 2420, 230, 80, 230, 24050, 24050, 140, 9280, 140, 9280, 4320, 2870, 600, 600, 730, 780, 730, 930, 930, 1950, 670, 70, 670, 70, 5760, 80, 1010, 1010, 30, 30, 0, 1420, 250, 2410, 2410, 200, 180, 180, 200, 520, 580, 580, 50, 3980, 100, 100, 4190, 520, 6920, 90, 6920, 10, 90, 2390, 120, 0, 4660, 0, 720, 720, 170, 230, 140, 140, 2580, 2580, 620, 2720, 2720, 30, 30, 470, 2870, 13600, 150, 0, 90, 0, 40, 80, 80, 20, 20, 140, 770, 150, 40, 40, 70, 80, 7060, 7060, 2280, 2980, 1470, 1470, 120, 30, 2980, 10, 10, 10, 10, 20, 1520, 740, 9320, 310, 9320, 20, 200, 20, 60, 70, 0, 54010, 54010, 0, 870, 1220, 50, 3500, 50, 840, 840, 30, 4230, 4230, 250, 8130, 8130, 2420, 2700, 2700, 240, 1350, 2690, 2690, 20400, 1130, 20400, 2560, 0, 60, 30, 80, 140, 410, 40, 410, 80, 1610, 760, 120, 20, 20, 1220, 20, 1220, 40, 350, 420, 530, 530, 20, 20, 110, 1220, 1220, 40, 190, 300, 60, 50, 20440, 20440, 7650, 70, 70, 350, 350, 350, 70, 350, 50, 160, 160, 78020, 78020, 40, 630, 300, 20, 20, 1570, 1730, 400, 3090, 3090, 3160, 300, 970, 970, 30, 4540, 4540, 30, 710, 11830, 400, 1730, 400, 1730, 4020, 0, 4020, 0, 80, 1680, 36180, 810, 40, 10, 1920, 3920, 3920, 160, 160, 300, 300]"
2020-10-23 00:50:00+00:00,1095140,0,375.0,"[250, 5560, 5340, 880, 4950, 5340, 26260, 580, 210, 210, 70, 2260, 30, 360, 360, 30, 30, 1080, 190, 190, 830, 7010, 3110, 3110, 210, 2710, 210, 20, 20, 200, 90, 90, 2330, 79520, 300, 1430, 3910, 12700, 60, 1430, 60, 8430, 130, 20, 20, 7010, 7010, 100, 5830, 500, 80, 80, 550, 510, 510, 130, 0, 570, 1120, 2400, 970, 120, 7640, 1430, 40, 40, 7640, 1430, 10450, 18500, 150, 18500, 440, 690, 440, 360, 200, 170, 170, 7790, 7790, 1060, 200, 4740, 4740, 200, 1580, 2760, 2760, 2570, 2570, 40, 40, 1150, 960, 960, 40, 780, 40, 30, 2230, 750, 3010, 950, 1070, 220, 220, 20, 20, 350, 70, 1060, 70, 1060, 20, 20, 410, 40, 3090, 20, 20, 50, 10, 10, 230, 230, 180, 490, 490, 10, 10, 90, 60, 60, 140, 140, 20, 20, 4750, 22530, 22530, 80, 3210, 3210, 4020, 60, 50, 20, 60, 50, 180, 1710, 2640, 420, 740, 740, 100, 100, 940, 5500, 5500, 940, 2670, 700, 700, 30, 570, 90, 140, 320, 250, 250, 2400, 940, 1230, 10, 1230, 680, 76420, 76420, 25760, 1120, 4600, 4600, 3640, 170, 170, 200, 2330, 1200, 1200, 3380, 3380, 100, 1120, 380, 6740, 4470, 4490, 14900, 50, 310, 40, 40, 20, 4690, 100, 4690, 80, 40, 30, 810, 340, 810, 340, 250, 160, 160, 7710, 290, 90, 630, 630, 7140, 330, 330, 0, 2380, 2380, 2590, 390, 2660, 210, 11590, 240, 1120, 420, 420, 650, 3500, 31590, 390, 390, 2040, 160, 2040, 1350, 650, 7000, 100, 100, 14620, 440, 210, 13130, 6390, 6390, 12310, 2260, 2260, 170, 480, 4110, 7190, 4110, 0, 300, 300, 40, 110, 430, 430, 5480, 200, 180, 180, 50, 50, 1440, 430, 70, 10, 10, 430, 2490, 30, 30, 3100, 37260, 70, 70, 1310, 2640, 2640, 10, 50, 2010, 7120, 40, 170, 150, 540, 920, 10, 10, 400, 400, 3980, 250, 10, 5660, 90, 90, 6960, 800, 2570, 30, 30, 11570, 10, 1680, 10, 1680, 5660, 2990, 70, 130, 70, 130, 3890, 2640, 2640, 3890, 320, 320, 60, 60, 100, 5190, 1020, 12130, 410, 690, 1070, 690, 1070, 15050, 15050, 1900, 1900, 20, 490, 20, 3980, 3980, 8900, 10, 2730, 30, 10, 17070, 5190, 5190, 400, 2510, 880, 290, 290, 880, 160, 2670, 2670, 1890, 1710, 1710]"
2020-10-23 00:55:00+00:00,1212710,2,330.0,"[980, 8160, 20, 21100, 21100, 2220, 12480, 12480, 590, 740, 2670, 2670, 10850, 10850, 400, 430, 1110, 1110, 400, 2500, 180, 2580, 0, 0, 1050, 1000, 1000, 0, 410, 410, 160, 160, 8940, 190, 190, 60, 180, 2460, 60, 180, 430, 160, 2720, 40, 40, 780, 90, 260, 1120, 1120, 410, 410, 4080, 240, 590, 100, 13310, 100, 13310, 70, 22560, 22560, 20, 20, 20, 100, 120, 1130, 1130, 610, 1260, 120, 2490, 120, 6030, 6030, 10, 11620, 1890, 750, 1890, 11620, 750, 600, 370, 60, 90, 90, 30140, 40, 40, 310, 310, 4030, 232160, 2690, 100, 550, 6300, 80, 100, 100, 790, 1470, 1110, 1110, 6300, 170, 20, 10, 1070, 120, 120, 4460, 4460, 260, 260, 80, 580, 580, 226190, 10930, 170, 10, 70, 3280, 40, 40, 1530, 590, 610, 5120, 5120, 590, 560, 560, 1530, 230, 230, 5090, 960, 160, 20, 20, 4220, 750, 21730, 21730, 3280, 40, 40, 2390, 40, 1130, 2770, 10, 400, 400, 3010, 2880, 2880, 120, 40, 640, 40, 640, 600, 1120, 280, 280, 1120, 920, 120, 60, 60, 6540, 100, 0, 120, 120, 1160, 390, 440, 8880, 8880, 5860, 540, 350, 1140, 50, 1580, 2440, 380, 3380, 940, 2440, 100, 6490, 220, 2150, 2150, 4040, 90, 4040, 20, 520, 2370, 180, 180, 50, 50, 11260, 120, 2370, 40, 310, 50, 260, 1040, 1040, 110, 1180, 2920, 2920, 560, 310, 560, 100, 100, 360, 20, 1460, 1460, 490, 40, 490, 40, 30, 30, 2690, 520, 390, 50, 1770, 10, 10, 90, 100, 100, 270, 270, 350, 20, 11200, 2160, 10, 0, 0, 120, 120, 80, 640, 640, 18130, 4870, 290, 100, 290, 0, 220, 220, 1040, 360, 360, 80, 540, 2480, 2480, 280, 2360, 9310, 14210, 14210, 6270, 13750, 6380, 6380, 11120, 12060, 210, 1830, 1830, 0, 0, 80, 80, 280, 400, 270, 490, 1640, 20, 550, 550, 120, 110, 110, 530, 190, 420, 490, 13000, 30, 30, 930, 0, 0, 930, 8010, 8010, 10, 10, 50, 180, 180, 4290, 15710, 70, 70, 730]"
2020-10-23 01:00:00+00:00,724000,2,230.0,"[430, 420, 0, 0, 14410, 760, 490, 490, 6820, 140, 4550, 4550, 140, 130, 210, 40, 40, 100, 4630, 20, 1790, 13660, 3650, 3650, 3600, 3970, 560, 50, 50, 2200, 130, 130, 10, 10, 2830, 50, 50, 16040, 60, 60, 140, 640, 30, 30, 480, 480, 7100, 4990, 50, 50, 2640, 1430, 7960, 1430, 7960, 2530, 2530, 1310, 10, 1740, 1740, 450, 10, 90, 630, 17160, 17160, 2810, 100, 950, 200, 200, 8520, 950, 8980, 10, 1060, 1060, 10, 2640, 10, 90, 950, 1380, 220, 220, 1380, 40, 170, 5920, 1750, 2650, 2650, 410, 220, 300, 60, 300, 10, 10, 80, 80, 290, 290, 190, 790, 790, 120, 120, 50, 1170, 490, 20, 20, 1460, 1460, 80, 1860, 1050, 1050, 30, 4800, 0, 0, 2610, 960, 45340, 10, 260, 3530, 3400, 80, 30, 3160, 20, 700, 700, 20, 250, 120, 120, 32120, 2850, 340, 340, 1530, 1530, 1540, 870, 1540, 240, 240, 360, 60, 360, 60, 470, 680, 0, 1020, 1020, 160, 30, 60, 40, 90, 90, 3090, 3090, 2940, 167010, 167010, 10, 110, 110, 1300, 2000, 60, 60, 50, 40, 40, 4020, 1410, 0, 30, 30, 2280, 90, 90, 160, 0, 0, 30, 160, 30, 100, 100, 10, 1440, 1440, 490, 370, 370, 3620, 40, 300, 1010, 1010, 140, 80, 80, 100, 100, 2070, 110, 2070, 90, 320, 320, 270, 1580, 2720, 2720, 20, 60, 60, 1140, 1140, 100]"
2020-10-23 01:05:00+00:00,316130,0,116.0,"[1300, 560, 14840, 14840, 2380, 910, 8350, 8350, 520, 520, 10, 10, 1840, 4070, 8180, 10, 320, 1960, 1960, 3130, 3080, 350, 310, 200, 200, 6920, 3020, 3020, 310, 430, 430, 390, 90, 140, 140, 25810, 1210, 1210, 11120, 160, 2520, 2520, 50, 2130, 1730, 1730, 2850, 350, 350, 18740, 890, 890, 40, 200, 20, 20, 20, 9810, 1490, 890, 16430, 70, 70, 1570, 1570, 130, 1570, 1570, 0, 0, 20, 550, 100, 2210, 2210, 3970, 480, 0, 1000, 1570, 160, 150, 1570, 150, 0, 1140, 1140, 2280, 2280, 300, 2420, 370, 370, 50, 120, 980, 860, 860, 1810, 11340, 2130, 2130, 9160, 470, 19740, 19740, 800, 10, 10, 430, 120, 100, 40, 6090, 11700, 180]"
2020-10-23 01:10:00+00:00,155980,0,87.0,"[580, 580, 2180, 20, 20, 150, 4180, 190, 1800, 40, 370, 370, 690, 690, 650, 650, 4080, 4080, 1000, 6430, 0, 0, 11760, 200, 200, 60, 40, 6800, 6800, 880, 880, 30, 30, 10, 10, 4160, 4160, 0, 0, 0, 40, 7070, 7070, 40, 450, 0, 110, 220, 550, 550, 3120, 3120, 150, 30, 2060, 2060, 16970, 10, 10, 80, 110, 1060, 260, 260, 4160, 8780, 20, 500, 500, 100, 100, 100, 100, 100, 600, 30, 520, 4660, 1190, 4390, 4390, 2820, 2820, 1150, 60, 20, 8700]"
2020-10-23 01:15:00+00:00,86620,0,70.0,"[310, 310, 230, 230, 20, 20, 5390, 5390, 1000, 110, 110, 20, 1000, 6320, 4070, 570, 570, 420, 420, 0, 5520, 5520, 1030, 1030, 230, 40, 30, 30, 1060, 70, 20, 4200, 4200, 90, 0, 1470, 20, 60, 1150, 150, 150, 12300, 300, 300, 150, 10, 1760, 10, 200, 770, 300, 300, 5890, 460, 460, 300, 280, 290, 10, 1360, 580, 10, 140, 140, 30, 30, 2790, 2790, 1040, 1040]"
2020-10-23 01:20:00+00:00,150030,0,101.0,"[40, 10, 780, 330, 330, 310, 3040, 3040, 5220, 20, 15400, 30, 30, 310, 310, 80, 1470, 1470, 250, 10, 530, 240, 80, 80, 50, 490, 1010, 20, 140, 240, 240, 3240, 3240, 220, 1610, 30, 650, 650, 210, 190, 860, 860, 2530, 0, 0, 1190, 1190, 30, 30, 340, 4980, 20, 2470, 2470, 30, 0, 80, 80, 200, 200, 20, 2700, 2700, 12310, 12310, 790, 790, 320, 320, 480, 150, 140, 140, 5300, 50, 240, 240, 680, 10, 1910, 2460, 960, 1260, 1260, 150, 590, 3290, 3290, 10, 8710, 700, 220, 220, 450, 450, 9560, 400, 60, 60, 11080, 50]"
2020-10-23 01:25:00+00:00,303720,0,115.0,"[9560, 2410, 2410, 10, 10, 20, 90, 1360, 1360, 50, 1800, 40, 1870, 1870, 70, 280, 280, 100, 40, 430, 840, 840, 0, 2660, 1470, 20, 20, 690, 690, 30, 580, 30, 30, 30, 5360, 480, 30, 2390, 2390, 30, 2040, 2040, 40, 7190, 7190, 320, 320, 8900, 50, 20940, 20940, 270, 540, 320, 610, 610, 540, 10, 10, 4730, 4730, 7630, 60, 1520, 1520, 3600, 370, 690, 2330, 60, 720, 80, 50, 50, 3880, 3880, 30, 430, 80, 5880, 5880, 3640, 110, 110, 54070, 30, 6770, 180, 2370, 4920, 470, 630, 50, 390, 10, 190, 170, 1180, 1180, 450, 1100, 1100, 1900, 1900, 180, 230, 20, 60, 180, 4050, 80, 26000, 26000, 0, 250]"
2020-10-23 01:30:00+00:00,173270,0,53.0,"[330, 180, 110, 60, 5630, 450, 1070, 450, 1070, 5010, 5010, 580, 70, 70, 40, 20930, 4070, 470, 260, 260, 1570, 1570, 150, 150, 6770, 2430, 2430, 19880, 19880, 130, 610, 70, 5730, 3790, 250, 250, 340, 710, 20, 20, 330, 30, 15640, 15640, 1850, 20, 1780, 11610, 11610, 870, 870, 90, 60]"
2020-10-23 01:35:00+00:00,1359020,2,98.0,"[870, 870, 50, 50, 444640, 444640, 80, 30, 30, 1530, 100, 100, 930, 930, 10, 10, 10, 6900, 20, 6900, 100, 100, 3030, 2740, 290, 290, 30, 30, 10, 2260, 30, 0, 0, 3950, 100, 100, 40, 410, 410, 450, 470, 520, 520, 67320, 67320, 80, 80, 740, 750, 2710, 2710, 30, 20, 100, 100, 830, 830, 40, 40, 13520, 13520, 2260, 150, 150, 20, 20, 1080, 150, 240, 30, 60, 8550, 8550, 144730, 350, 130, 3610, 270, 270, 7220, 7220, 19070, 19070, 1040, 3120, 60, 120, 20, 4090, 690, 690, 10, 760, 760, 4170, 9180, 15180, 610]"
2020-10-23 01:40:00+00:00,132730,0,61.0,"[250, 60, 960, 5730, 100, 3650, 270, 2840, 600, 1960, 1580, 1960, 1580, 3830, 90, 14690, 10, 1860, 10, 10, 260, 320, 320, 4230, 4230, 290, 150, 260, 10, 170, 330, 30, 30, 10, 100, 100, 2100, 2100, 0, 0, 7870, 3890, 3890, 10740, 6350, 6350, 2870, 2870, 8360, 750, 100, 660, 760, 760, 7050, 7050, 200, 10, 4260, 430, 430]"
2020-10-23 01:45:00+00:00,247980,0,84.0,"[120, 120, 30, 220, 200, 2940, 30, 1540, 41530, 41530, 570, 570, 220, 220, 0, 3340, 2200, 2200, 350, 2360, 3750, 3750, 170, 2720, 30, 30, 10080, 30, 30, 10080, 1800, 1800, 10, 3570, 3570, 470, 1550, 1550, 150, 150, 580, 360, 10, 350, 190, 340, 340, 20, 4700, 3630, 770, 3800, 3800, 4240, 20, 8640, 8640, 1080, 1080, 70, 680, 70, 17470, 17470, 330, 640, 10, 830, 5620, 70, 2010, 2010, 3750, 3750, 0, 0, 2480, 30, 30, 230, 230, 90, 80, 1860]"
2020-10-23 01:50:00+00:00,74330,0,78.0,"[1080, 10, 2870, 30, 5540, 540, 540, 1020, 310, 120, 20, 190, 120, 0, 2420, 440, 0, 40, 40, 1390, 70, 1260, 1260, 8440, 8440, 70, 210, 1090, 1090, 80, 80, 130, 130, 20, 40, 40, 520, 60, 550, 2450, 550, 100, 1520, 1520, 200, 200, 40, 100, 4050, 4050, 50, 50, 3150, 280, 280, 200, 40, 40, 200, 650, 650, 70, 70, 30, 730, 70, 70, 130, 130, 10, 10, 30, 950, 180, 330, 180, 180, 10490]"
2020-10-23 01:55:00+00:00,111130,0,43.0,"[130, 7520, 7520, 70, 0, 410, 10, 17940, 0, 370, 370, 70, 70, 340, 340, 4480, 1670, 4480, 30, 1590, 840, 5460, 5460, 5420, 3620, 620, 110, 3940, 0, 40, 190, 2950, 2950, 2100, 1830, 20, 70, 1060, 6000, 100, 20620, 270, 50]"
2020-10-23 02:00:00+00:00,194810,0,73.0,"[10, 120, 3730, 4530, 4530, 2110, 340, 610, 6720, 6720, 0, 37680, 120, 2850, 1460, 1460, 110, 110, 2080, 2080, 900, 520, 150, 180, 100, 550, 550, 390, 390, 2690, 2570, 10, 7740, 280, 90, 2690, 2690, 3250, 4500, 4500, 30, 30, 570, 570, 30, 4170, 890, 60, 20, 20, 330, 15260, 0, 280, 1460, 30, 30, 160, 160, 5280, 60, 60, 2260, 1060, 750, 1060, 320, 22840, 22840, 920, 660, 0, 490]"
2020-10-23 02:05:00+00:00,35050,0,35.0,"[2590, 750, 30, 1840, 30, 30, 540, 1070, 1070, 250, 250, 260, 1870, 20, 340, 160, 160, 1460, 370, 370, 30, 470, 140, 300, 1590, 350, 450, 10, 11380, 110, 990, 4200, 1250, 160, 160]"
2020-10-23 02:10:00+00:00,97530,0,48.0,"[90, 2130, 1060, 110, 15210, 900, 900, 40, 660, 2180, 40, 1800, 1140, 7150, 400, 1240, 1240, 70, 70, 4710, 520, 7150, 10, 10, 1850, 130, 4060, 10, 6320, 3650, 10, 9160, 9160, 480, 160, 240, 210, 660, 2900, 3150, 3150, 320, 570, 980, 130, 20, 40, 1340]"
2020-10-23 02:15:00+00:00,78130,0,26.0,"[9240, 3540, 500, 170, 6420, 6420, 1450, 1450, 1400, 80, 1940, 1940, 160, 6420, 10, 4000, 80, 6290, 1110, 20290, 1320, 1320, 150, 150, 210, 2070]"
2020-10-23 02:20:00+00:00,170060,0,46.0,"[13910, 20, 3860, 3860, 340, 6740, 3010, 160, 160, 7040, 100, 50, 50, 620, 620, 1860, 1860, 300, 300, 6740, 190, 190, 1360, 1450, 1450, 10000, 3040, 290, 290, 350, 350, 20, 5910, 1020, 16540, 5910, 1860, 2660, 26380, 1360, 720, 720, 290, 40, 35600, 470]"
2020-10-23 02:25:00+00:00,116900,0,50.0,"[40, 890, 890, 80, 5200, 280, 280, 30, 30, 450, 1420, 670, 3510, 2490, 10, 3160, 3160, 8220, 1130, 7910, 1080, 540, 540, 210, 120, 100, 3760, 100, 20, 50, 3760, 3760, 20, 20, 570, 570, 11680, 1000, 160, 160, 250, 80, 100, 80, 870, 1500, 1500, 22160, 22160, 130]"
2020-10-23 02:30:00+00:00,79930,0,45.0,"[1940, 1740, 90, 90, 1940, 40, 7930, 620, 620, 1940, 1940, 8800, 8800, 680, 10, 4390, 4390, 60, 80, 60, 2430, 1780, 1780, 1280, 4830, 4830, 0, 80, 40, 350, 0, 10, 30, 1350, 1350, 580, 630, 1410, 1410, 3760, 3760, 130, 130, 320, 1500]"
2020-10-23 02:35:00+00:00,76630,0,45.0,"[10, 1360, 4450, 4450, 160, 4000, 1280, 1280, 110, 110, 5820, 5040, 5040, 1360, 4750, 4750, 330, 1080, 1080, 30, 1910, 1910, 80, 80, 30, 320, 10, 400, 3660, 870, 30, 1910, 1140, 1140, 530, 530, 2600, 1470, 1540, 3490, 3490, 1920, 40, 40, 1000]"
2020-10-23 02:40:00+00:00,114350,0,54.0,"[260, 10, 40, 1600, 9460, 9460, 10, 390, 5990, 5990, 70, 70, 140, 140, 250, 8440, 30, 1530, 1530, 3820, 3310, 12610, 100, 100, 500, 1150, 1150, 150, 720, 720, 0, 19890, 70, 480, 480, 300, 300, 0, 0, 20, 20, 480, 140, 40, 50, 610, 350, 350, 4000, 1130, 8680, 3540, 3540, 140]"
2020-10-23 02:45:00+00:00,91930,0,29.0,"[1050, 420, 420, 1050, 1390, 200, 200, 1400, 1400, 170, 70, 9540, 0, 23410, 23410, 590, 590, 70, 70, 50, 110, 110, 1530, 40, 40, 40, 470, 680, 23410]"
2020-10-23 02:50:00+00:00,98170,0,46.0,"[40, 410, 210, 530, 3120, 3120, 240, 240, 0, 3820, 3820, 490, 10, 10, 760, 240, 10, 4260, 200, 240, 240, 17800, 4460, 70, 70, 680, 600, 600, 120, 5040, 1680, 20, 20, 2980, 19480, 19480, 1510, 60, 150, 140, 140, 0, 0, 980, 40, 40]"
2020-10-23 02:55:00+00:00,84950,0,43.0,"[150, 540, 10, 10, 11230, 10, 10, 1010, 40, 540, 3520, 3520, 100, 100, 50, 50, 10, 100, 730, 730, 1020, 0, 0, 940, 14360, 1010, 1010, 530, 100, 33990, 40, 50, 50, 2080, 2080, 40, 30, 90, 820, 820, 750, 2620, 60]"
2020-10-23 03:00:00+00:00,149430,0,57.0,"[4250, 4250, 2060, 2620, 2340, 650, 590, 27280, 1130, 1130, 1430, 40, 3190, 100, 40, 40, 190, 190, 120, 120, 340, 340, 340, 2720, 2720, 0, 12400, 40, 1720, 12400, 830, 100, 13200, 260, 40, 40, 4740, 3390, 580, 580, 7820, 440, 360, 1100, 17490, 5220, 2070, 30, 120, 90, 2390, 2390, 530, 530, 290, 10, 10]"
2020-10-23 03:05:00+00:00,91670,0,47.0,"[20, 20, 380, 3300, 3300, 30, 30, 4060, 4060, 150, 150, 4060, 10, 40, 10, 380, 1260, 120, 220, 9040, 50, 190, 0, 0, 60, 60, 220, 2720, 380, 260, 50, 0, 0, 3510, 50, 3510, 3940, 10, 330, 6800, 6800, 1680, 1680, 11840, 11840, 4060, 990]"
2020-10-23 03:10:00+00:00,153020,0,33.0,"[240, 1130, 1840, 1840, 490, 4450, 1520, 10100, 1210, 1210, 10100, 120, 15340, 50, 20, 730, 18020, 730, 28810, 28810, 3500, 3500, 20, 20, 290, 6110, 7940, 930, 360, 360, 60, 140, 3030]"
2020-10-23 03:15:00+00:00,105220,0,46.0,"[3030, 20, 20, 100, 100, 10, 2150, 110, 110, 3060, 3060, 1530, 11220, 1800, 510, 510, 800, 14230, 1450, 1450, 40, 40260, 11300, 440, 80, 50, 70, 780, 490, 490, 210, 100, 0, 70, 0, 130, 1020, 300, 130, 490, 490, 1320, 1320, 30, 170, 170]"
2020-10-23 03:20:00+00:00,159400,0,47.0,"[310, 310, 30, 18920, 1890, 130, 90, 3840, 7420, 0, 0, 2420, 5780, 440, 440, 10, 10, 13540, 30, 30, 60, 3520, 3520, 3260, 2600, 1400, 0, 16930, 700, 110, 9680, 30, 130, 210, 40, 40, 900, 590, 17690, 17690, 17690, 3400, 1620, 110, 60, 60, 1720]"
2020-10-23 03:25:00+00:00,49860,0,35.0,"[2110, 5500, 5500, 1740, 170, 3750, 3750, 660, 750, 460, 110, 300, 1170, 1170, 10, 10, 240, 40, 40, 120, 530, 210, 210, 1460, 360, 360, 1310, 1310, 2430, 12870, 180, 180, 160, 490, 200]"
2020-10-23 03:30:00+00:00,54690,0,34.0,"[10, 40, 11340, 200, 1610, 410, 410, 720, 0, 40, 10010, 340, 340, 90, 3460, 3460, 90, 50, 60, 130, 130, 3530, 2810, 2810, 540, 20, 20, 2430, 60, 1770, 3800, 3800, 80, 80]"
2020-10-23 03:35:00+00:00,41190,0,32.0,"[3110, 370, 370, 30, 1260, 1260, 10, 80, 80, 160, 160, 3840, 20, 0, 2180, 1070, 1070, 20, 20, 40, 40, 1620, 3990, 7750, 1150, 1150, 4030, 4030, 240, 220, 1280, 540]"
2020-10-23 03:40:00+00:00,54180,0,45.0,"[100, 100, 190, 590, 120, 120, 30, 30, 540, 140, 4000, 1710, 160, 160, 4020, 90, 90, 120, 120, 6230, 130, 130, 180, 2100, 2100, 460, 70, 70, 340, 6430, 6430, 210, 380, 150, 2780, 2780, 1760, 1760, 3080, 60, 0, 0, 160, 720, 3240]"
2020-10-23 03:45:00+00:00,56690,0,43.0,"[2600, 320, 1070, 0, 0, 0, 140, 240, 70, 70, 2150, 290, 290, 180, 180, 30910, 1220, 1220, 400, 400, 2110, 2110, 320, 320, 2190, 140, 140, 390, 390, 540, 60, 60, 2120, 2120, 10, 490, 460, 90, 0, 190, 320, 50, 320]"
2020-10-23 03:50:00+00:00,53300,0,31.0,"[40, 110, 490, 1110, 170, 140, 350, 4000, 70, 70, 70, 120, 2950, 2950, 3090, 21240, 390, 100, 100, 10, 130, 1180, 4090, 160, 7290, 2750, 10, 10, 10, 90, 10]"
2020-10-23 03:55:00+00:00,18370,0,23.0,"[1660, 3840, 1170, 200, 200, 600, 600, 10, 200, 10, 590, 250, 250, 120, 1220, 440, 4900, 1640, 30, 30, 130, 140, 140]"
2020-10-23 04:00:00+00:00,81290,0,20.0,"[2400, 640, 30, 30, 5010, 120, 3500, 3500, 3860, 3860, 28870, 28870, 20, 110, 110, 160, 90, 90, 10, 10]"
2020-10-23 04:05:00+00:00,132500,0,22.0,"[47540, 47540, 1400, 17230, 1470, 1470, 1350, 320, 1330, 1330, 690, 340, 340, 780, 340, 290, 20, 7850, 20, 230, 180, 440]"
2020-10-23 04:10:00+00:00,35090,0,19.0,"[6020, 1990, 1990, 120, 100, 110, 130, 0, 0, 4570, 40, 160, 30, 810, 2150, 2150, 1420, 1420, 11880]"
2020-10-23 04:15:00+00:00,40880,0,19.0,"[4030, 4030, 40, 70, 780, 780, 2150, 17120, 10, 10, 140, 2600, 2600, 1360, 2330, 2330, 280, 110, 110]"
2020-10-23 04:20:00+00:00,32730,2,12.0,"[1170, 1620, 160, 160, 10, 10, 730, 70, 3770, 70, 12480, 12480]"
2020-10-23 04:25:00+00:00,50750,0,21.0,"[1270, 1270, 250, 250, 0, 470, 530, 4420, 640, 640, 190, 190, 90, 310, 310, 18650, 18650, 2220, 30, 30, 340]"
2020-10-23 04:30:00+00:00,29130,0,26.0,"[330, 20, 90, 90, 320, 300, 300, 70, 22610, 20, 20, 0, 0, 340, 340, 1810, 280, 280, 170, 340, 340, 380, 380, 70, 70, 160]"
2020-10-23 04:35:00+00:00,28710,0,14.0,"[130, 1600, 4020, 0, 280, 280, 150, 150, 9440, 9440, 60, 60, 3090, 10]"
2020-10-23 04:40:00+00:00,47420,0,21.0,"[1600, 1600, 12040, 12040, 6220, 210, 210, 130, 130, 60, 390, 270, 1330, 2220, 2220, 0, 0, 3480, 200, 960, 2110]"
2020-10-23 04:45:00+00:00,11390,0,11.0,"[250, 970, 970, 630, 600, 20, 20, 20, 6530, 690, 690]"
2020-10-23 04:50:00+00:00,12840,0,5.0,"[10120, 10, 10, 1350, 1350]"
2020-10-23 04:55:00+00:00,720120,0,100.0,"[0, 180, 180, 5400, 80, 160, 380, 6770, 214030, 890, 590, 1470, 40, 1060, 2060, 3010, 500, 1050, 20, 210, 2430, 3040, 380, 3200, 1060, 234390, 720, 4260, 190, 40, 960, 380, 6780, 2140, 32730, 1170, 630, 570, 860, 2250, 1510, 2020, 120, 1330, 160, 6940, 1520, 120, 110, 2640, 0, 250, 5550, 1800, 380, 7550, 1140, 230, 180, 1110, 29030, 2060, 180, 80, 13900, 210, 30, 910, 20, 460, 11280, 2900, 1370, 330, 410, 40, 140, 1950, 90, 6960, 290, 50, 230, 1800, 11340, 2920, 10, 3160, 1120, 14110, 8430, 10, 15080, 80, 1190, 580, 6530, 3380, 2970, 3570]"
2020-10-23 05:00:00+00:00,315690,0,124.0,"[470, 510, 150, 3810, 50, 0, 1210, 720, 3900, 6380, 5750, 180, 780, 290, 1190, 4080, 800, 150, 720, 230, 740, 270, 390, 50, 2270, 10, 4310, 6770, 50, 26150, 4270, 1360, 6990, 850, 280, 1320, 40, 30, 50, 4760, 40, 130, 580, 610, 310, 310, 1220, 730, 4890, 6300, 3230, 6430, 5230, 2340, 180, 310, 260, 550, 210, 6850, 11620, 660, 40, 3640, 1550, 140, 2150, 600, 3840, 3440, 150, 1710, 1880, 2250, 3390, 320, 400, 680, 9730, 570, 1510, 4700, 1240, 330, 50, 1000, 3000, 8440, 6160, 820, 1550, 7570, 7860, 60, 1400, 11640, 290, 400, 20, 9470, 5090, 170, 10, 12470, 50, 2030, 3150, 10930, 1180, 20, 230, 30, 10, 3040, 0, 0, 20, 110, 710, 660, 10340, 11240, 3870, 1020]"
2020-10-23 05:05:00+00:00,173980,0,77.0,"[3590, 940, 1650, 90, 30, 210, 2920, 450, 3050, 930, 760, 1540, 2190, 3670, 5810, 860, 810, 40, 5380, 710, 17050, 1020, 1020, 410, 410, 50, 4270, 540, 13470, 3270, 10, 30, 2450, 680, 320, 5410, 1150, 420, 70, 2450, 2300, 20, 740, 250, 200, 70, 670, 5100, 5540, 550, 3180, 30, 4320, 11030, 180, 6060, 60, 470, 700, 50, 2600, 160, 9510, 1470, 280, 820, 1920, 1340, 2700, 210, 330, 3580, 5840, 840, 20, 10660, 50]"
2020-10-23 05:10:00+00:00,224480,0,85.0,"[1580, 510, 280, 1160, 620, 3700, 290, 3030, 1990, 1060, 140, 800, 1540, 6410, 600, 890, 1430, 1980, 11560, 3830, 10, 90, 140, 15430, 90, 2190, 120, 1530, 11780, 2760, 1590, 11420, 100, 2400, 2670, 1800, 960, 1250, 3320, 230, 4010, 350, 1430, 1430, 190, 920, 450, 440, 3290, 20, 0, 17600, 5140, 5770, 3010, 3660, 100, 11690, 1040, 60, 3000, 60, 150, 820, 18420, 50, 120, 40, 3130, 1630, 570, 8180, 390, 40, 2340, 50, 180, 180, 100, 3470, 3440, 5610, 6860, 960, 810]"
2020-10-23 05:15:00+00:00,121330,0,50.0,"[420, 80, 5010, 1330, 720, 110, 480, 660, 5600, 60, 1120, 6640, 10, 90, 720, 17050, 3700, 2630, 250, 50, 3980, 40, 40, 250, 1380, 2320, 9750, 1080, 210, 3590, 6680, 50, 460, 30580, 2680, 320, 320, 830, 830, 110, 1000, 1000, 90, 1640, 120, 540, 30, 20, 120, 4540]"
2020-10-23 05:20:00+00:00,101140,0,50.0,"[8040, 210, 1010, 400, 1740, 870, 30, 280, 590, 2610, 510, 510, 370, 330, 330, 390, 3720, 5280, 5410, 1400, 1710, 380, 320, 10, 1300, 10, 6990, 2480, 2980, 10, 250, 240, 340, 1250, 3390, 1860, 910, 25840, 240, 240, 280, 30, 5900, 600, 190, 990, 140, 140, 7030, 1060]"
2020-10-23 05:25:00+00:00,55790,0,49.0,"[3400, 270, 130, 150, 1480, 2900, 2920, 320, 350, 350, 1140, 20, 170, 260, 200, 570, 11460, 1920, 540, 60, 3960, 1040, 130, 780, 780, 170, 1440, 1440, 130, 670, 2520, 230, 230, 660, 130, 130, 20, 420, 640, 1560, 20, 110, 320, 2060, 3670, 150, 120, 120, 3530]"
2020-10-23 05:30:00+00:00,120450,0,45.0,"[380, 2490, 880, 880, 1010, 8090, 5060, 450, 4410, 11980, 4500, 130, 310, 310, 90, 90, 480, 320, 80, 2750, 280, 80, 80, 8680, 690, 1000, 30, 450, 0, 0, 3810, 2130, 4060, 25710, 310, 340, 60, 450, 10100, 150, 10750, 870, 870, 2430, 2430]"
2020-10-23 05:35:00+00:00,102320,0,48.0,"[310, 1780, 30, 40, 2090, 980, 900, 1660, 860, 2930, 190, 2020, 310, 5940, 3260, 3260, 290, 290, 1890, 3100, 3100, 1480, 150, 13730, 1260, 2840, 16340, 90, 120, 120, 1210, 470, 3430, 920, 370, 6340, 6340, 120, 8420, 400, 20, 210, 210, 0, 0, 410, 1650, 440]"
2020-10-23 05:40:00+00:00,50210,0,28.0,"[1550, 1550, 4700, 680, 80, 8700, 4470, 350, 710, 540, 30, 10, 1010, 1010, 1030, 440, 470, 4290, 140, 3010, 2470, 3160, 60, 60, 8700, 10, 400, 580]"
2020-10-23 05:45:00+00:00,82170,0,36.0,"[1370, 4560, 2120, 1620, 10, 150, 150, 20, 290, 10, 7610, 27450, 1200, 110, 180, 30, 3240, 6300, 70, 1370, 1870, 50, 930, 200, 1890, 260, 100, 240, 540, 540, 150, 50, 2280, 2280, 1460, 11470]"
2020-10-23 05:50:00+00:00,115890,0,34.0,"[100, 140, 14080, 3400, 500, 580, 300, 1800, 1750, 3310, 30, 5230, 70, 70, 70, 6340, 2370, 4380, 2910, 160, 480, 20, 19940, 19940, 740, 2850, 6140, 2660, 70, 320, 3660, 230, 4140, 7110]"
2020-10-23 05:55:00+00:00,16040,0,15.0,"[400, 6020, 80, 1240, 40, 340, 40, 760, 570, 1270, 1520, 530, 850, 2350, 30]"
2020-10-23 06:00:00+00:00,42050,0,12.0,"[30, 150, 380, 3050, 8090, 990, 24240, 3670, 990, 250, 130, 80]"
2020-10-23 06:05:00+00:00,71570,0,17.0,"[50, 1350, 70, 1120, 860, 500, 12680, 3830, 390, 32020, 1250, 120, 2320, 5060, 640, 2270, 7040]"
2020-10-23 06:10:00+00:00,31320,0,19.0,"[4220, 8160, 60, 110, 870, 20, 4220, 200, 860, 740, 2940, 1920, 120, 2440, 2440, 40, 600, 680, 680]"
2020-10-23 06:15:00+00:00,50160,0,35.0,"[680, 190, 190, 10, 8880, 20, 140, 40, 80, 80, 2400, 250, 3560, 4230, 720, 190, 3860, 3860, 480, 170, 40, 3040, 3040, 120, 120, 2360, 2000, 4880, 80, 1180, 0, 1320, 890, 460, 600]"
2020-10-23 06:20:00+00:00,64330,0,17.0,"[1560, 40, 260, 260, 160, 610, 120, 120, 80, 2990, 90, 25390, 25390, 1240, 640, 5240, 140]"
2020-10-23 06:25:00+00:00,26300,0,12.0,"[210, 0, 350, 550, 80, 10, 1190, 70, 16470, 3570, 3570, 230]"
2020-10-23 06:30:00+00:00,26400,0,17.0,"[2010, 1930, 1930, 80, 200, 200, 620, 3070, 5300, 1550, 2210, 160, 1580, 4270, 40, 780, 470]"
2020-10-23 06:35:00+00:00,26370,0,16.0,"[660, 480, 1260, 3750, 740, 1670, 1040, 20, 20, 450, 270, 90, 10, 10, 380, 15520]"
2020-10-23 06:40:00+00:00,15730,0,12.0,"[360, 260, 6440, 50, 70, 40, 6740, 850, 10, 90, 600, 220]"
2020-10-23 06:45:00+00:00,32850,0,16.0,"[130, 10540, 750, 1410, 3980, 3980, 3600, 220, 2660, 940, 130, 1910, 60, 2520, 10, 10]"
2020-10-23 06:50:00+00:00,515980,0,14.0,"[360, 249400, 249400, 180, 1690, 2880, 5270, 100, 80, 80, 780, 780, 1430, 3550]"
2020-10-23 06:55:00+00:00,71870,0,17.0,"[12520, 10, 40, 1610, 1610, 1170, 0, 1360, 320, 240, 7460, 7460, 80, 5640, 16010, 16010, 330]"
2020-10-23 07:00:00+00:00,42110,0,25.0,"[520, 3720, 1100, 3320, 70, 70, 2840, 0, 0, 2500, 16010, 1320, 590, 990, 1740, 220, 10, 220, 220, 220, 140, 2060, 1660, 1660, 910]"
2020-10-23 07:05:00+00:00,15200,0,24.0,"[960, 310, 310, 210, 160, 160, 480, 20, 270, 30, 70, 70, 2440, 280, 10, 10, 1850, 2660, 960, 0, 0, 1810, 1810, 320]"
2020-10-23 07:10:00+00:00,15990,0,9.0,"[370, 610, 170, 310, 12280, 20, 800, 20, 1410]"
2020-10-23 07:15:00+00:00,52410,0,18.0,"[130, 170, 40780, 20, 20, 1940, 870, 840, 840, 1570, 1570, 10, 890, 500, 1120, 1120, 10, 10]"
2020-10-23 07:20:00+00:00,48000,0,17.0,"[2220, 110, 2450, 640, 9280, 620, 100, 20, 20, 11170, 130, 130, 180, 490, 12220, 6610, 1610]"
2020-10-23 07:25:00+00:00,35350,0,18.0,"[8300, 5000, 70, 1720, 820, 40, 0, 800, 12520, 1000, 410, 30, 2970, 70, 20, 20, 780, 780]"
2020-10-23 07:30:00+00:00,24580,0,13.0,"[2720, 2720, 20, 50, 130, 130, 11420, 820, 510, 3860, 780, 1300, 120]"
2020-10-23 07:35:00+00:00,17000,0,10.0,"[7810, 10, 10, 690, 690, 4260, 670, 580, 1120, 1160]"
2020-10-23 07:40:00+00:00,8280,0,10.0,"[1500, 200, 1310, 1310, 130, 130, 2750, 430, 430, 90]"
2020-10-23 07:45:00+00:00,16160,0,11.0,"[50, 150, 210, 160, 160, 0, 160, 10, 350, 14520, 390]"
2020-10-23 07:50:00+00:00,9740,0,11.0,"[380, 1380, 200, 770, 0, 1340, 80, 2340, 860, 1720, 670]"
2020-10-23 07:55:00+00:00,11250,0,10.0,"[0, 10, 10, 10, 710, 4570, 4570, 110, 630, 630]"
2020-10-23 08:00:00+00:00,18950,0,11.0,"[7790, 170, 3970, 670, 200, 2210, 2210, 90, 1600, 20, 20]"
2020-10-23 08:05:00+00:00,40070,0,10.0,"[9660, 2970, 10, 10, 2970, 6010, 2210, 4670, 9110, 2450]"
2020-10-23 08:10:00+00:00,20380,0,9.0,"[5970, 1330, 3820, 3820, 980, 410, 40, 40, 3970]"
2020-10-23 08:15:00+00:00,42080,0,19.0,"[510, 21210, 1430, 630, 100, 40, 40, 370, 370, 3980, 3980, 1180, 200, 2450, 2450, 610, 610, 1730, 190]"
2020-10-23 08:20:00+00:00,20700,0,11.0,"[1240, 5620, 3980, 140, 140, 1440, 280, 20, 210, 7040, 590]"
2020-10-23 08:25:00+00:00,16510,0,10.0,"[420, 1570, 2660, 5620, 350, 790, 3220, 180, 680, 1020]"
2020-10-23 08:30:00+00:00,13160,0,11.0,"[960, 150, 5630, 80, 1110, 0, 70, 10, 4040, 320, 790]"
2020-10-23 08:35:00+00:00,15670,0,10.0,"[960, 40, 3780, 3500, 3500, 2510, 380, 460, 460, 80]"
2020-10-23 08:40:00+00:00,7320,0,5.0,"[610, 1720, 4510, 60, 420]"
2020-10-23 08:45:00+00:00,6850,0,5.0,"[100, 3850, 2240, 100, 560]"
2020-10-23 08:50:00+00:00,93700,0,19.0,"[800, 2970, 2690, 15280, 3090, 3090, 12010, 170, 340, 650, 36030, 150, 1080, 5310, 3960, 3960, 1020, 1060, 40]"
2020-10-23 08:55:00+00:00,16770,0,12.0,"[140, 270, 970, 200, 2610, 10, 10, 10100, 440, 1940, 40, 40]"
2020-10-23 09:00:00+00:00,16410,0,12.0,"[920, 5680, 1120, 1390, 130, 160, 160, 3290, 1920, 140, 1320, 180]"
2020-10-23 09:05:00+00:00,106440,0,16.0,"[13690, 1800, 640, 1560, 3580, 66500, 6880, 6880, 1920, 350, 350, 170, 300, 110, 110, 1600]"
2020-10-23 09:10:00+00:00,14240,0,9.0,"[10, 10, 240, 1430, 4200, 4200, 1320, 1320, 1510]"
2020-10-23 09:15:00+00:00,8490,0,7.0,"[120, 120, 3740, 1450, 440, 440, 2180]"
2020-10-23 09:20:00+00:00,33850,0,9.0,"[110, 3000, 50, 170, 20, 20, 27450, 270, 2760]"
2020-10-23 09:25:00+00:00,4980,0,10.0,"[550, 370, 80, 370, 720, 720, 280, 750, 80, 1060]"
2020-10-23 09:30:00+00:00,15120,0,10.0,"[30, 0, 0, 3350, 1240, 8640, 360, 460, 600, 440]"
2020-10-23 09:35:00+00:00,33980,0,13.0,"[1820, 2190, 570, 50, 8500, 100, 15870, 580, 510, 920, 60, 60, 2750]"
2020-10-23 09:40:00+00:00,35920,0,15.0,"[8410, 140, 140, 40, 1350, 20, 1100, 3430, 1650, 2220, 2220, 360, 190, 2200, 12450]"
2020-10-23 09:45:00+00:00,31500,0,17.0,"[3500, 11300, 120, 120, 1190, 70, 60, 2030, 10, 100, 930, 820, 6090, 60, 60, 2030, 3010]"
2020-10-23 09:50:00+00:00,31920,0,7.0,"[5550, 110, 1440, 10, 290, 12260, 12260]"
2020-10-23 09:55:00+00:00,41870,0,9.0,"[4320, 80, 15300, 15300, 1480, 700, 1650, 260, 2780]"
2020-10-23 10:00:00+00:00,54190,0,18.0,"[870, 50, 140, 130, 1550, 1440, 650, 770, 10, 1380, 6200, 540, 4040, 4040, 2250, 2250, 27600, 280]"
2020-10-23 10:05:00+00:00,683570,0,43.0,"[1940, 1600, 1600, 7310, 306450, 306450, 80, 80, 4000, 4000, 860, 860, 1440, 1440, 1590, 2170, 1230, 2850, 2850, 4560, 100, 100, 470, 590, 470, 590, 1450, 1450, 990, 990, 14360, 240, 170, 170, 3400, 3400, 110, 520, 210, 210, 100, 100, 20]"
2020-10-23 10:10:00+00:00,58460,0,28.0,"[90, 90, 1680, 90, 90, 1070, 500, 8500, 8500, 450, 450, 4290, 2330, 2330, 0, 3460, 1720, 1040, 1040, 1670, 660, 660, 30, 60, 10030, 1250, 1250, 5130]"
2020-10-23 10:15:00+00:00,46630,0,24.0,"[450, 450, 670, 670, 1440, 470, 880, 350, 50, 1440, 1440, 5630, 2880, 2880, 30, 10000, 530, 530, 2650, 1530, 1530, 2550, 870, 6710]"
2020-10-23 10:20:00+00:00,37860,0,14.0,"[660, 60, 40, 800, 3500, 30, 590, 70, 11850, 900, 340, 30, 18650, 340]"
2020-10-23 10:25:00+00:00,70410,0,17.0,"[5130, 5130, 6770, 300, 3770, 2390, 4460, 3800, 10860, 10860, 1780, 970, 1290, 880, 2740, 2930, 6350]"
2020-10-23 10:30:00+00:00,74400,0,27.0,"[1540, 6050, 6050, 10360, 760, 900, 2770, 2770, 120, 340, 2600, 2600, 1300, 4140, 4140, 7800, 2790, 1390, 4630, 710, 710, 0, 0, 110, 1320, 4250, 4250]"
2020-10-23 10:35:00+00:00,21750,0,17.0,"[80, 1410, 30, 610, 830, 80, 2970, 1330, 950, 2680, 2680, 150, 1470, 30, 1220, 20, 5210]"
2020-10-23 10:40:00+00:00,34740,0,20.0,"[2200, 2200, 40, 14570, 130, 110, 110, 200, 4020, 2180, 2180, 1830, 1830, 710, 40, 300, 30, 1000, 440, 620]"
2020-10-23 10:45:00+00:00,4280,0,9.0,"[650, 420, 830, 10, 10, 2290, 40, 10, 20]"
2020-10-23 10:50:00+00:00,68620,0,16.0,"[3460, 3460, 41520, 540, 80, 110, 8440, 5720, 10, 10, 510, 1870, 1870, 670, 80, 270]"
2020-10-23 10:55:00+00:00,29980,0,10.0,"[6450, 240, 5540, 960, 3420, 960, 320, 320, 160, 11610]"
2020-10-23 11:00:00+00:00,25600,0,15.0,"[1300, 410, 20, 720, 0, 0, 2240, 0, 0, 1430, 140, 140, 17880, 1310, 10]"
2020-10-23 11:05:00+00:00,84650,0,29.0,"[300, 300, 150, 150, 3900, 3900, 2900, 20, 20, 0, 440, 3550, 12280, 16280, 18320, 8800, 520, 280, 450, 600, 600, 190, 30, 780, 7670, 1380, 60, 390, 390]"
2020-10-23 11:10:00+00:00,29540,0,12.0,"[2120, 160, 1930, 18120, 90, 810, 380, 140, 1520, 2240, 520, 1510]"
2020-10-23 11:15:00+00:00,14170,0,10.0,"[1720, 720, 830, 1350, 390, 5690, 1800, 490, 300, 880]"
2020-10-23 11:20:00+00:00,52330,0,21.0,"[420, 20, 1890, 2720, 220, 3180, 3180, 860, 670, 260, 260, 1420, 20, 910, 560, 560, 250, 410, 20430, 340, 13750]"
2020-10-23 11:25:00+00:00,18270,0,21.0,"[40, 40, 50, 800, 3720, 2890, 320, 850, 870, 110, 2730, 140, 20, 520, 1710, 200, 40, 1780, 1240, 10, 190]"
2020-10-23 11:30:00+00:00,27240,0,19.0,"[190, 780, 780, 3750, 30, 10, 0, 300, 400, 20, 650, 430, 1950, 1950, 4850, 4850, 3920, 1570, 810]"
2020-10-23 11:35:00+00:00,57320,0,21.0,"[630, 630, 50, 260, 40, 260, 260, 1280, 440, 3100, 3100, 380, 30, 3100, 30, 29350, 20, 1350, 1260, 400, 11350]"
2020-10-23 11:40:00+00:00,81600,0,29.0,"[1210, 50, 40, 40, 410, 2740, 5800, 6600, 5800, 30, 140, 140, 30, 30, 2810, 2880, 2880, 41800, 790, 560, 850, 70, 70, 160, 1430, 1200, 2020, 1020, 0]"
2020-10-23 11:45:00+00:00,38930,0,22.0,"[440, 590, 140, 4160, 4160, 15160, 150, 170, 1180, 1000, 680, 680, 90, 90, 280, 280, 1660, 40, 0, 0, 3180, 4800]"
2020-10-23 11:50:00+00:00,11690,0,19.0,"[200, 360, 760, 360, 140, 240, 140, 760, 760, 250, 40, 40, 4450, 730, 560, 730, 50, 100, 1020]"
2020-10-23 11:55:00+00:00,51650,0,31.0,"[3880, 760, 760, 2380, 310, 40, 40, 30, 70, 70, 1390, 1920, 1920, 210, 300, 100, 450, 450, 1080, 80, 4390, 4390, 2720, 350, 100, 90, 560, 21280, 1090, 220, 220]"
2020-10-23 12:00:00+00:00,40420,0,19.0,"[160, 1210, 60, 390, 140, 140, 350, 9810, 1030, 300, 50, 2060, 2680, 2680, 5040, 920, 10150, 1990, 1260]"
2020-10-23 12:05:00+00:00,76260,0,28.0,"[0, 3340, 50, 3340, 50, 5810, 280, 90, 4210, 60, 3700, 920, 920, 50, 50, 1640, 10740, 10740, 1180, 220, 10830, 10830, 1390, 2860, 2860, 20, 20, 60]"
2020-10-23 12:10:00+00:00,125350,0,27.0,"[2180, 2180, 200, 4360, 2450, 2450, 6630, 6630, 470, 30, 100, 100, 8690, 1160, 2490, 3190, 20, 540, 4280, 4280, 1590, 170, 740, 2050, 39930, 230, 28210]"
2020-10-23 12:15:00+00:00,75250,0,19.0,"[300, 33800, 20, 2980, 4230, 3740, 40, 100, 4050, 2320, 0, 0, 5280, 10970, 450, 890, 2020, 2020, 2040]"
2020-10-23 12:20:00+00:00,268620,0,30.0,"[830, 3840, 3840, 2090, 6160, 3280, 90, 2640, 0, 580, 360, 720, 10, 10, 500, 7380, 10, 810, 210, 201870, 80, 1430, 1390, 2340, 2370, 10, 2420, 1170, 1100, 21080]"
2020-10-23 12:25:00+00:00,64650,0,25.0,"[160, 30, 40, 10540, 4520, 1470, 14850, 3510, 1240, 80, 1670, 1670, 5200, 100, 500, 2600, 240, 240, 2270, 380, 2270, 290, 2160, 1290, 7330]"
2020-10-23 12:30:00+00:00,21380,0,17.0,"[530, 4260, 120, 260, 870, 660, 3270, 2160, 530, 50, 120, 1350, 5760, 90, 1150, 60, 140]"
2020-10-23 12:35:00+00:00,59170,0,24.0,"[280, 5950, 570, 6670, 1220, 100, 310, 110, 1560, 650, 10260, 10260, 150, 250, 50, 50, 30, 3630, 10280, 1230, 4180, 120, 920, 340]"
2020-10-23 12:40:00+00:00,144860,0,26.0,"[2280, 2280, 170, 200, 2090, 4660, 1240, 180, 420, 160, 20, 1230, 70, 37680, 13050, 13050, 57160, 520, 60, 120, 3930, 60, 90, 1890, 800, 1450]"
2020-10-23 12:45:00+00:00,51580,0,35.0,"[130, 210, 2760, 40, 490, 1110, 70, 16300, 80, 720, 40, 1810, 1810, 340, 40, 910, 8150, 4290, 340, 40, 840, 4370, 10, 10, 840, 90, 2180, 360, 140, 30, 440, 160, 1860, 420, 150]"
2020-10-23 12:50:00+00:00,109080,0,36.0,"[2190, 10, 60, 200, 10070, 180, 40, 660, 40, 40, 500, 210, 860, 1640, 18880, 32530, 640, 260, 260, 20, 30, 30, 90, 320, 60, 3270, 10, 32530, 530, 530, 430, 530, 50, 60, 1290, 30]"
2020-10-23 12:55:00+00:00,1271560,2,196.0,"[319200, 7470, 18240, 18240, 260, 3640, 2190, 2190, 2790, 170, 4350, 3660, 3780, 10560, 120, 20, 1210, 690, 40, 30230, 410, 700, 420, 40, 70, 2670, 270, 570, 5280, 10, 4600, 340, 200, 30, 1890, 30, 370, 30, 30, 432410, 1740, 4970, 140, 100, 260, 40, 20, 2940, 330, 32530, 32530, 10, 1110, 50, 2870, 10120, 100, 60, 19170, 190, 170, 650, 710, 200, 420, 670, 20, 80, 40, 2950, 20, 30, 30, 2070, 30, 460, 2230, 3990, 2230, 70, 900, 9180, 120, 120, 550, 1530, 30, 120, 270, 40, 210, 2810, 760, 1660, 2790, 440, 310, 110, 180, 1330, 620, 2750, 0, 570, 10, 1480, 70, 35990, 190, 70, 130, 500, 580, 200, 10, 40, 300, 30, 60, 120, 660, 600, 5380, 5010, 340, 1470, 11120, 4240, 23200, 80, 80, 40, 0, 140, 1540, 70, 150, 470, 270, 17610, 220, 2030, 70, 90, 420, 480, 370, 1680, 30, 100, 1350, 10790, 40, 10, 80, 2630, 140, 190, 340, 10, 620, 1140, 51980, 120, 1120, 460, 20, 10, 6550, 400, 560, 700, 6550, 70, 0, 3590, 80, 140, 3350, 3590, 40, 3980, 3040, 350, 380, 150, 1270, 280, 840, 20, 910, 3620, 1280, 80, 1940, 5840]"
2020-10-23 13:00:00+00:00,298130,1,145.0,"[5420, 820, 10, 90, 460, 970, 7060, 120, 300, 4280, 4890, 300, 1860, 1860, 3350, 580, 910, 70, 160, 170, 3010, 640, 20, 580, 10, 10, 1230, 17520, 10, 990, 2810, 140, 80, 110, 80, 200, 100, 6330, 10, 270, 240, 150, 80, 140, 700, 6330, 4030, 5300, 10, 850, 0, 60, 10170, 2270, 10, 530, 310, 10, 1350, 1350, 590, 590, 210, 260, 490, 60, 490, 10, 270, 310, 40, 1630, 440, 1200, 320, 40, 13850, 420, 200, 1140, 3350, 1200, 3180, 180, 2280, 50, 40, 810, 10, 1130, 10, 60, 70, 20, 1820, 37250, 910, 130, 370, 170, 70, 3910, 3910, 1420, 1230, 180, 9260, 1460, 1160, 130, 20, 100, 12500, 2610, 80, 1320, 960, 1560, 40, 12500, 20, 3750, 1290, 120, 120, 1510, 60, 200, 1160, 620, 120, 70, 42050, 300, 130, 600, 10, 130, 6340, 6470, 80, 1110, 70, 0, 60]"
2020-10-23 13:05:00+00:00,247710,0,89.0,"[7260, 250, 70, 40, 50, 230, 20, 1060, 1470, 1280, 180, 1530, 20, 3270, 17220, 3890, 30330, 40, 180, 790, 5390, 960, 4000, 3310, 2670, 3620, 120, 3890, 6140, 6900, 140, 870, 0, 1160, 180, 1920, 680, 120, 3360, 20, 12690, 3390, 400, 100, 70, 1100, 720, 2650, 110, 60, 20, 290, 50, 10, 67310, 1630, 1160, 1330, 4630, 690, 430, 110, 380, 190, 5490, 340, 190, 160, 1590, 2620, 160, 1460, 860, 460, 70, 2150, 2150, 280, 10, 650, 2650, 4390, 4390, 1110, 710, 200, 430, 1020, 20]"
2020-10-23 13:10:00+00:00,198230,0,81.0,"[770, 4520, 190, 100, 230, 2570, 1900, 540, 5290, 100, 360, 250, 13050, 13060, 13060, 1100, 9820, 14480, 5240, 2040, 2010, 180, 430, 60, 10, 180, 1100, 230, 200, 150, 11760, 290, 80, 10, 0, 20, 170, 50, 2530, 400, 1510, 3620, 13190, 3870, 160, 280, 310, 6310, 570, 50, 1250, 7230, 330, 2330, 110, 410, 13140, 260, 70, 220, 1270, 790, 1110, 380, 290, 40, 60, 170, 4320, 3990, 160, 1060, 4560, 3980, 9440, 100, 1040, 1040, 60, 50, 570]"
2020-10-23 13:15:00+00:00,157240,0,85.0,"[10, 420, 2490, 420, 2490, 200, 170, 13950, 1240, 160, 700, 70, 1360, 720, 320, 20, 10, 320, 920, 740, 100, 40, 700, 240, 30, 3230, 3040, 16050, 17580, 150, 80, 10640, 100, 1590, 3750, 80, 140, 510, 410, 80, 8500, 660, 1740, 210, 20, 3470, 440, 270, 9860, 250, 990, 280, 7080, 190, 1750, 480, 400, 11370, 1610, 4350, 120, 4700, 3750, 1400, 130, 190, 70, 10, 420, 400, 210, 4060, 480, 230, 200, 10, 40, 0, 130, 30, 50, 1250, 10, 60, 100]"
2020-10-23 13:20:00+00:00,111240,0,62.0,"[2410, 120, 10, 210, 30, 10, 280, 3600, 10, 340, 6450, 6450, 10, 360, 450, 4510, 670, 20, 290, 150, 190, 320, 70, 60, 710, 60, 9300, 1100, 1020, 280, 20, 6290, 1450, 10470, 1450, 3960, 350, 80, 50, 140, 360, 60, 740, 10, 2110, 90, 3140, 760, 120, 120, 30, 90, 3150, 320, 720, 580, 12620, 5820, 280, 140, 11120, 5110]"
2020-10-23 13:25:00+00:00,83780,0,49.0,"[10420, 530, 6390, 3160, 60, 2310, 90, 370, 6080, 3400, 440, 1180, 540, 20630, 3090, 90, 40, 0, 100, 8330, 1550, 500, 1400, 1040, 110, 110, 20, 70, 30, 1100, 2580, 490, 490, 380, 20, 280, 680, 280, 310, 250, 3760, 40, 60, 740, 60, 30, 120, 20, 10]"
2020-10-23 13:30:00+00:00,26920,0,36.0,"[170, 1540, 200, 200, 10, 960, 20, 0, 80, 160, 10, 30, 80, 1150, 30, 5710, 1630, 0, 70, 50, 400, 5110, 10, 860, 10, 1080, 120, 1050, 2110, 350, 60, 160, 950, 10, 710, 1830]"
2020-10-23 13:35:00+00:00,85440,0,44.0,"[550, 100, 4400, 1850, 160, 2330, 12770, 650, 10, 300, 450, 90, 1720, 1110, 30, 30, 250, 3140, 190, 19770, 170, 440, 70, 460, 460, 110, 10, 1000, 0, 270, 1140, 18260, 520, 1060, 1220, 0, 1450, 510, 90, 3880, 60, 210, 1400, 2750]"
2020-10-23 13:40:00+00:00,70050,0,37.0,"[2220, 10, 0, 320, 40, 40, 1060, 1300, 130, 150, 1140, 1140, 320, 120, 1380, 6230, 260, 0, 860, 4240, 20, 710, 100, 4930, 740, 0, 70, 680, 1420, 17660, 570, 10, 90, 150, 8500, 13180, 260]"
2020-10-23 13:45:00+00:00,27810,0,31.0,"[1010, 1070, 430, 110, 50, 240, 40, 160, 3830, 2570, 80, 400, 720, 4140, 720, 420, 60, 4550, 20, 250, 3440, 190, 90, 300, 70, 40, 40, 40, 2390, 40, 300]"
2020-10-23 13:50:00+00:00,58840,0,29.0,"[2710, 6610, 70, 1240, 1200, 10, 10, 370, 8160, 12320, 300, 3450, 10, 4280, 130, 960, 60, 700, 310, 1540, 280, 120, 3450, 3450, 30, 5620, 490, 280, 680]"
2020-10-23 13:55:00+00:00,65160,0,26.0,"[2100, 4120, 1630, 1980, 520, 26560, 80, 14420, 260, 20, 890, 400, 380, 40, 6000, 60, 30, 40, 30, 150, 30, 2020, 90, 3050, 40, 220]"
2020-10-23 14:00:00+00:00,116920,0,25.0,"[130, 130, 330, 430, 23580, 80, 37390, 30, 1080, 1220, 200, 540, 80, 3300, 30, 940, 9720, 840, 11500, 0, 1460, 80, 3170, 980, 19680]"
2020-10-23 14:05:00+00:00,43820,0,17.0,"[10, 300, 3790, 10, 6630, 0, 60, 1580, 2630, 2560, 20, 270, 24360, 1310, 80, 50, 160]"
2020-10-23 14:10:00+00:00,41900,0,31.0,"[16870, 240, 20, 20, 1330, 1330, 2590, 20, 0, 20, 160, 160, 130, 0, 10, 460, 270, 310, 1740, 6470, 3910, 1300, 10, 2270, 380, 380, 70, 10, 860, 560, 0]"
2020-10-23 14:15:00+00:00,42660,0,17.0,"[60, 10, 10, 420, 250, 50, 160, 14600, 60, 240, 23090, 1630, 280, 280, 100, 1370, 50]"
2020-10-23 14:20:00+00:00,2320,0,5.0,"[0, 120, 1090, 1090, 20]"
2020-10-23 14:25:00+00:00,35170,0,10.0,"[20970, 540, 540, 200, 510, 4100, 4100, 240, 2540, 1430]"
2020-10-23 14:30:00+00:00,1600,0,5.0,"[90, 200, 200, 830, 280]"
2020-10-23 14:35:00+00:00,12170,0,7.0,"[3780, 3780, 1650, 1650, 10, 310, 990]"
2020-10-23 14:40:00+00:00,130,0,2.0,"[30, 100]"
2020-10-23 14:45:00+00:00,11180,0,12.0,"[40, 30, 180, 180, 60, 1370, 40, 3040, 3040, 3190, 10, 0]"
2020-10-23 14:50:00+00:00,3560,0,6.0,"[1580, 140, 810, 450, 450, 130]"
2020-10-23 14:55:00+00:00,1290,0,6.0,"[0, 510, 100, 460, 190, 30]"
2020-10-23 15:00:00+00:00,6550,0,12.0,"[1280, 160, 20, 1900, 1060, 20, 950, 950, 10, 30, 30, 140]"
2020-10-23 15:05:00+00:00,3680,0,10.0,"[1300, 0, 0, 320, 580, 310, 60, 390, 360, 360]"
2020-10-23 15:10:00+00:00,27650,0,12.0,"[50, 5450, 20, 350, 350, 370, 1520, 50, 430, 320, 17720, 1020]"
2020-10-23 15:15:00+00:00,13950,0,10.0,"[80, 1730, 110, 190, 2500, 4500, 4500, 150, 20, 170]"
2020-10-23 15:20:00+00:00,56330,0,11.0,"[13660, 2500, 80, 80, 12550, 30, 2070, 8200, 4790, 4790, 7580]"
2020-10-23 15:25:00+00:00,28150,0,9.0,"[40, 2160, 600, 600, 4320, 80, 8760, 11420, 170]"
2020-10-23 15:30:00+00:00,23550,0,12.0,"[60, 60, 2000, 5920, 370, 410, 410, 1270, 120, 4200, 4200, 4530]"
2020-10-23 15:35:00+00:00,0,0,0.0,[]
2020-10-23 15:40:00+00:00,0,0,0.0,[]
2020-10-23 15:45:00+00:00,320,0,2.0,"[280, 40]"
2020-10-23 15:50:00+00:00,30,0,1.0,[30]
2020-10-23 15:55:00+00:00,0,0,0.0,[]
2020-10-23 16:00:00+00:00,8180,0,5.0,"[7760, 190, 190, 20, 20]"
2020-10-23 16:05:00+00:00,460,0,5.0,"[0, 10, 160, 0, 290]"
2020-10-23 16:10:00+00:00,1120,0,5.0,"[780, 10, 10, 10, 310]"
2020-10-23 16:15:00+00:00,4420,0,7.0,"[400, 1080, 570, 470, 470, 1310, 120]"
2020-10-23 16:20:00+00:00,21260,0,12.0,"[2570, 2490, 2490, 3800, 3800, 360, 360, 10, 140, 40, 2600, 2600]"
2020-10-23 16:25:00+00:00,21440,0,10.0,"[440, 6470, 6470, 40, 2530, 2530, 20, 2600, 180, 160]"
2020-10-23 16:30:00+00:00,210,0,2.0,"[100, 110]"
2020-10-23 16:35:00+00:00,13940,0,6.0,"[250, 250, 9210, 100, 490, 3640]"
2020-10-23 16:40:00+00:00,33980,0,9.0,"[40, 40, 3190, 690, 1040, 26790, 1600, 580, 10]"
2020-10-23 16:45:00+00:00,5240,0,5.0,"[3180, 1380, 640, 20, 20]"
2020-10-23 16:50:00+00:00,7470,0,9.0,"[20, 640, 40, 1010, 390, 10, 4720, 320, 320]"
2020-10-23 16:55:00+00:00,36330,0,10.0,"[60, 60, 10, 220, 220, 29250, 160, 1970, 4160, 220]"
2020-10-23 17:00:00+00:00,380,0,4.0,"[60, 60, 100, 160]"
2020-10-23 17:05:00+00:00,70120,0,7.0,"[5380, 110, 28290, 28290, 3800, 3800, 450]"
2020-10-23 17:10:00+00:00,5820,0,3.0,"[3440, 2190, 190]"
2020-10-23 17:15:00+00:00,3670,0,3.0,"[360, 110, 3200]"
2020-10-23 17:20:00+00:00,5200,0,4.0,"[4930, 50, 110, 110]"
2020-10-23 17:25:00+00:00,40220,0,10.0,"[11080, 120, 1670, 110, 70, 9850, 210, 2190, 10970, 3950]"
2020-10-23 17:30:00+00:00,19250,0,18.0,"[130, 70, 4120, 110, 110, 710, 110, 110, 2620, 3110, 1020, 3240, 0, 2690, 20, 50, 110, 920]"
2020-10-23 17:35:00+00:00,81710,0,11.0,"[60, 9550, 500, 4160, 2620, 2290, 2290, 400, 80, 29880, 29880]"
2020-10-23 17:40:00+00:00,16760,0,9.0,"[150, 6600, 4110, 4110, 20, 380, 570, 570, 250]"
2020-10-23 17:45:00+00:00,20,0,2.0,"[10, 10]"
2020-10-23 17:50:00+00:00,15630,0,9.0,"[1060, 7780, 750, 0, 1400, 1260, 1260, 1060, 1060]"
2020-10-23 17:55:00+00:00,7990,0,8.0,"[360, 50, 50, 790, 870, 2250, 10, 3610]"
2020-10-23 18:00:00+00:00,6810,0,4.0,"[4660, 10, 2120, 20]"
2020-10-23 18:05:00+00:00,25130,0,6.0,"[850, 13570, 180, 470, 200, 9860]"
2020-10-23 18:10:00+00:00,16260,0,8.0,"[2520, 20, 2930, 7300, 1410, 1530, 40, 510]"
2020-10-23 18:15:00+00:00,18720,0,5.0,"[10290, 110, 8220, 50, 50]"
2020-10-23 18:20:00+00:00,71810,0,7.0,"[1490, 2330, 57460, 9310, 920, 150, 150]"
2020-10-23 18:25:00+00:00,10880,0,7.0,"[790, 490, 1490, 20, 1830, 630, 5630]"
2020-10-23 18:30:00+00:00,9040,0,2.0,"[7130, 1910]"
2020-10-23 18:35:00+00:00,4630,0,3.0,"[10, 2310, 2310]"
2020-10-23 18:40:00+00:00,23120,0,8.0,"[13070, 3810, 3810, 100, 240, 240, 0, 1850]"
2020-10-23 18:45:00+00:00,2060,0,6.0,"[970, 460, 70, 70, 100, 390]"
2020-10-23 18:50:00+00:00,7230,0,5.0,"[650, 160, 10, 170, 6240]"
2020-10-23 18:55:00+00:00,22770,0,5.0,"[12100, 70, 9270, 1310, 20]"
2020-10-23 19:00:00+00:00,4530,0,2.0,"[4500, 30]"
2020-10-23 19:05:00+00:00,7020,0,5.0,"[2060, 2060, 1180, 40, 1680]"
2020-10-23 19:10:00+00:00,2060,0,2.0,"[460, 1600]"
2020-10-23 19:15:00+00:00,18170,0,2.0,"[3290, 14880]"
2020-10-23 19:20:00+00:00,19560,0,2.0,"[19260, 300]"
2020-10-23 19:25:00+00:00,10800,0,9.0,"[550, 1160, 60, 2850, 4600, 880, 290, 290, 120]"
2020-10-23 19:30:00+00:00,5470,0,3.0,"[3750, 1450, 270]"
2020-10-23 19:35:00+00:00,133640,1,8.0,"[1230, 80, 4640, 310, 1140, 12560, 113210, 470]"
2020-10-23 19:40:00+00:00,33940,0,8.0,"[13620, 160, 20, 320, 9860, 780, 8850, 330]"
2020-10-23 19:45:00+00:00,48000,0,10.0,"[0, 0, 160, 1640, 2380, 16760, 40, 3150, 50, 23820]"
2020-10-23 19:50:00+00:00,21550,0,8.0,"[240, 17660, 0, 850, 650, 1510, 520, 120]"
2020-10-23 19:55:00+00:00,14970,0,9.0,"[1060, 1750, 1660, 280, 580, 2400, 5520, 1330, 390]"
2020-10-23 20:00:00+00:00,6850,0,7.0,"[2530, 370, 220, 300, 130, 3130, 170]"
2020-10-23 20:05:00+00:00,43040,0,6.0,"[6220, 10, 10, 2510, 1210, 33080]"
2020-10-23 20:10:00+00:00,448020,1,80.0,"[319370, 3240, 540, 1080, 10000, 1120, 360, 1960, 80, 300, 3980, 540, 1750, 540, 960, 480, 200, 240, 30, 510, 4590, 6300, 1810, 1570, 520, 80, 1400, 140, 80, 370, 210, 50, 1010, 280, 4340, 2240, 60, 120, 10, 11690, 2170, 23490, 100, 740, 1090, 410, 20, 170, 10, 180, 20, 3360, 620, 100, 70, 3860, 220, 40, 1520, 350, 3160, 9320, 170, 2580, 330, 2210, 650, 40, 90, 760, 120, 0, 30, 590, 1940, 60, 460, 80, 160, 2580]"
2020-10-23 20:15:00+00:00,100250,0,58.0,"[830, 370, 6100, 6250, 410, 550, 250, 3920, 940, 3860, 3290, 240, 4630, 4630, 890, 830, 200, 100, 300, 320, 1520, 2740, 680, 40, 2390, 5430, 1040, 1060, 0, 20, 30, 20, 1390, 720, 1290, 910, 4410, 680, 110, 120, 240, 150, 370, 1420, 3600, 3270, 150, 6410, 1410, 900, 450, 1160, 200, 4110, 10630, 250, 90, 1930]"
2020-10-23 20:20:00+00:00,82890,0,35.0,"[320, 5520, 10, 310, 1090, 9810, 410, 4270, 120, 3760, 490, 120, 20, 6860, 10, 10490, 860, 2140, 1280, 5440, 310, 70, 40, 4360, 400, 150, 110, 100, 2570, 8270, 970, 3810, 6990, 850, 560]"
2020-10-23 20:25:00+00:00,143820,0,36.0,"[70, 70, 70, 10, 6860, 1850, 760, 120, 20, 420, 260, 250, 8280, 670, 1100, 2890, 220, 3460, 99030, 260, 40, 620, 840, 40, 20, 2530, 530, 2240, 3440, 290, 130, 4900, 810, 230, 480, 10]"
2020-10-23 20:30:00+00:00,225720,1,28.0,"[40, 0, 2840, 150, 1820, 150, 2010, 5310, 160, 60, 180, 20, 0, 2580, 10, 690, 5380, 196620, 180, 940, 140, 80, 4590, 510, 80, 80, 110, 990]"
2020-10-23 20:35:00+00:00,77530,0,42.0,"[10, 300, 4200, 160, 470, 20, 280, 530, 1750, 5480, 20, 20, 630, 140, 1030, 11650, 22320, 30, 550, 190, 2730, 4260, 1400, 380, 240, 2140, 130, 770, 240, 520, 450, 1250, 830, 260, 330, 2470, 90, 80, 7440, 1160, 360, 220]"
2020-10-23 20:40:00+00:00,65610,0,23.0,"[600, 440, 11480, 1840, 740, 1840, 780, 90, 90, 2450, 670, 190, 2810, 5050, 10930, 8850, 650, 130, 10260, 220, 2050, 3360, 90]"
2020-10-23 20:45:00+00:00,407700,0,21.0,"[4170, 150, 1600, 430, 830, 1620, 1640, 11660, 510, 30, 250, 530, 180, 300, 374990, 4080, 750, 910, 2930, 20, 120]"
2020-10-23 20:50:00+00:00,10010,0,14.0,"[0, 160, 2060, 260, 10, 680, 3580, 1000, 580, 80, 30, 670, 120, 780]"
2020-10-23 20:55:00+00:00,272430,1,35.0,"[90, 160, 205800, 1230, 1000, 2500, 4270, 7820, 0, 0, 2980, 110, 1550, 10, 430, 790, 410, 0, 150, 10, 2640, 240, 2430, 18640, 420, 2580, 5490, 3740, 200, 5580, 10, 170, 830, 150, 0]"
2020-10-23 21:00:00+00:00,13760,0,14.0,"[250, 50, 2420, 30, 60, 3910, 1780, 540, 620, 40, 30, 2560, 1440, 30]"
2020-10-23 21:05:00+00:00,14620,0,17.0,"[100, 2920, 20, 3760, 690, 80, 30, 90, 100, 320, 10, 170, 800, 160, 3000, 1080, 1290]"
2020-10-23 21:10:00+00:00,29530,0,15.0,"[50, 70, 680, 60, 3130, 90, 540, 50, 2390, 220, 980, 4450, 1600, 40, 15180]"
2020-10-23 21:15:00+00:00,38110,0,18.0,"[70, 280, 1500, 4030, 80, 10, 3530, 40, 50, 60, 130, 7730, 7730, 5480, 6370, 170, 410, 440]"
2020-10-23 21:20:00+00:00,20550,0,11.0,"[170, 30, 530, 360, 3380, 860, 170, 14350, 260, 220, 220]"
2020-10-23 21:25:00+00:00,40070,0,11.0,"[13040, 15760, 0, 150, 250, 1600, 4240, 240, 1690, 2750, 350]"
2020-10-23 21:30:00+00:00,1790,0,8.0,"[10, 10, 620, 50, 390, 20, 60, 630]"
2020-10-23 21:35:00+00:00,7250,0,5.0,"[5530, 1310, 10, 360, 40]"
2020-10-23 21:40:00+00:00,12740,0,6.0,"[530, 220, 900, 0, 40, 11050]"
2020-10-23 21:45:00+00:00,10450,0,4.0,"[310, 2910, 7210, 20]"
2020-10-23 21:50:00+00:00,14000,0,4.0,"[90, 90, 13620, 200]"
2020-10-23 21:55:00+00:00,7440,0,3.0,"[2880, 3910, 650]"
2020-10-23 22:00:00+00:00,110,0,4.0,"[20, 40, 30, 20]"
2020-10-23 22:05:00+00:00,17350,0,5.0,"[8440, 8440, 20, 20, 430]"
2020-10-23 22:10:00+00:00,900,0,4.0,"[10, 320, 50, 520]"
2020-10-23 22:15:00+00:00,3310,0,4.0,"[10, 20, 3250, 30]"
2020-10-23 22:20:00+00:00,2120,0,4.0,"[20, 370, 20, 1710]"
2020-10-23 22:25:00+00:00,520,0,4.0,"[130, 110, 20, 260]"
2020-10-23 22:30:00+00:00,44870,0,7.0,"[290, 26360, 100, 80, 60, 17020, 960]"
2020-10-23 22:35:00+00:00,5960,0,5.0,"[10, 10, 5310, 0, 630]"
2020-10-23 22:40:00+00:00,960,0,5.0,"[160, 200, 120, 440, 40]"
2020-10-23 22:45:00+00:00,4270,0,5.0,"[3350, 190, 640, 10, 80]"
2020-10-23 22:50:00+00:00,2210,0,3.0,"[50, 2080, 80]"
2020-10-23 22:55:00+00:00,0,0,2.0,"[0, 0]"
2020-10-23 23:00:00+00:00,20350,0,2.0,"[19720, 630]"
2020-10-23 23:05:00+00:00,99930,0,5.0,"[50500, 40310, 7350, 70, 1700]"
2020-10-23 23:10:00+00:00,16830,0,3.0,"[4570, 20, 12240]"
2020-10-23 23:15:00+00:00,7600,0,5.0,"[4900, 480, 480, 20, 1720]"
2020-10-23 23:20:00+00:00,300,0,2.0,"[300, 0]"
2020-10-23 23:25:00+00:00,1160,0,3.0,"[40, 1000, 120]"
2020-10-23 23:30:00+00:00,7210,0,7.0,"[3030, 40, 0, 40, 130, 680, 3290]"
2020-10-23 23:35:00+00:00,100,0,1.0,[100]
2020-10-23 23:40:00+00:00,290,0,3.0,"[110, 110, 70]"
2020-10-23 23:45:00+00:00,0,0,0.0,[]
2020-10-23 23:50:00+00:00,11140,0,3.0,"[320, 8460, 2360]"
2020-10-23 23:55:00+00:00,0,0,0.0,[]
2020-10-24 00:00:00+00:00,0,0,0.0,[]
2020-10-24 00:05:00+00:00,0,0,1.0,[0]
2020-10-24 00:10:00+00:00,0,0,0.0,[]
2020-10-24 00:15:00+00:00,140,0,1.0,[140]
2020-10-24 00:20:00+00:00,0,0,0.0,[]
2020-10-24 00:25:00+00:00,0,0,0.0,[]
2020-10-24 00:30:00+00:00,0,0,0.0,[]
2020-10-24 00:35:00+00:00,30,0,1.0,[30]
2020-10-24 00:40:00+00:00,10,0,1.0,[10]
2020-10-24 00:45:00+00:00,0,0,0.0,[]
2020-10-24 00:50:00+00:00,0,0,0.0,[]
2020-10-24 00:55:00+00:00,1330,0,3.0,"[0, 1200, 130]"
2020-10-24 01:00:00+00:00,0,0,0.0,[]
2020-10-24 01:05:00+00:00,0,0,0.0,[]
2020-10-24 01:10:00+00:00,2440,0,1.0,[2440]
2020-10-24 01:15:00+00:00,0,0,0.0,[]
2020-10-24 01:20:00+00:00,0,0,0.0,[]
2020-10-24 01:25:00+00:00,190,0,1.0,[190]
2020-10-24 01:30:00+00:00,8700,0,2.0,"[8690, 10]"
2020-10-24 01:35:00+00:00,10,0,1.0,[10]
2020-10-24 01:40:00+00:00,0,0,0.0,[]
2020-10-24 01:45:00+00:00,0,0,0.0,[]
2020-10-24 01:50:00+00:00,100,0,1.0,[100]
2020-10-24 01:55:00+00:00,4140,0,1.0,[4140]
2020-10-24 02:00:00+00:00,7520,0,2.0,"[7210, 310]"
2020-10-24 02:05:00+00:00,0,0,0.0,[]
2020-10-24 02:10:00+00:00,0,0,0.0,[]
2020-10-24 02:15:00+00:00,90,0,1.0,[90]
2020-10-24 02:20:00+00:00,30,0,1.0,[30]
2020-10-24 02:25:00+00:00,2680,0,2.0,"[0, 2680]"
2020-10-24 02:30:00+00:00,960,0,2.0,"[10, 950]"
2020-10-24 02:35:00+00:00,280,0,1.0,[280]
2020-10-24 02:40:00+00:00,0,0,0.0,[]
2020-10-24 02:45:00+00:00,0,0,0.0,[]
2020-10-24 02:50:00+00:00,0,0,0.0,[]
2020-10-24 02:55:00+00:00,0,0,0.0,[]
2020-10-24 03:00:00+00:00,30,0,1.0,[30]
2020-10-24 03:05:00+00:00,1320,0,1.0,[1320]
2020-10-24 03:10:00+00:00,0,0,0.0,[]
2020-10-24 03:15:00+00:00,0,0,0.0,[]
2020-10-24 03:20:00+00:00,0,0,0.0,[]
2020-10-24 03:25:00+00:00,60,0,1.0,[60]
2020-10-24 03:30:00+00:00,1850,0,1.0,[1850]
2020-10-24 03:35:00+00:00,0,0,0.0,[]
2020-10-24 03:40:00+00:00,0,0,0.0,[]
2020-10-24 03:45:00+00:00,0,0,0.0,[]
2020-10-24 03:50:00+00:00,0,0,0.0,[]
2020-10-24 03:55:00+00:00,20,0,1.0,[20]
2020-10-24 04:00:00+00:00,0,0,0.0,[]
2020-10-24 04:05:00+00:00,0,0,0.0,[]
2020-10-24 04:10:00+00:00,1010,0,1.0,[1010]
2020-10-24 04:15:00+00:00,0,0,0.0,[]
2020-10-24 04:20:00+00:00,0,0,0.0,[]
2020-10-24 04:25:00+00:00,0,0,0.0,[]
2020-10-24 04:30:00+00:00,0,0,0.0,[]
2020-10-24 04:35:00+00:00,0,0,0.0,[]
2020-10-24 04:40:00+00:00,500,0,1.0,[500]
2020-10-24 04:45:00+00:00,20,0,1.0,[20]
2020-10-24 04:50:00+00:00,0,0,0.0,[]
2020-10-24 04:55:00+00:00,0,0,0.0,[]
2020-10-24 05:00:00+00:00,0,0,0.0,[]
2020-10-24 05:05:00+00:00,10,0,1.0,[10]
2020-10-24 05:10:00+00:00,0,0,0.0,[]
2020-10-24 05:15:00+00:00,0,0,0.0,[]
2020-10-24 05:20:00+00:00,0,0,0.0,[]
2020-10-24 05:25:00+00:00,380,0,1.0,[380]
2020-10-24 05:30:00+00:00,0,0,0.0,[]
2020-10-24 05:35:00+00:00,0,0,0.0,[]
2020-10-24 05:40:00+00:00,0,0,0.0,[]
2020-10-24 05:45:00+00:00,10,0,1.0,[10]
2020-10-24 05:50:00+00:00,3730,0,1.0,[3730]
2020-10-24 05:55:00+00:00,0,0,0.0,[]
2020-10-24 06:00:00+00:00,0,0,0.0,[]
2020-10-24 06:05:00+00:00,0,0,0.0,[]
2020-10-24 06:10:00+00:00,0,0,0.0,[]
2020-10-24 06:15:00+00:00,0,0,0.0,[]
2020-10-24 06:20:00+00:00,0,0,0.0,[]
2020-10-24 06:25:00+00:00,0,0,0.0,[]
2020-10-24 06:30:00+00:00,0,0,0.0,[]
2020-10-24 06:35:00+00:00,0,0,0.0,[]
2020-10-24 06:40:00+00:00,0,0,0.0,[]
2020-10-24 06:45:00+00:00,70,0,1.0,[70]
2020-10-24 06:50:00+00:00,0,0,0.0,[]
2020-10-24 06:55:00+00:00,0,0,0.0,[]
2020-10-24 07:00:00+00:00,0,0,0.0,[]
2020-10-24 07:05:00+00:00,0,0,0.0,[]
2020-10-24 07:10:00+00:00,1400,0,1.0,[1400]
2020-10-24 07:15:00+00:00,0,0,0.0,[]
2020-10-24 07:20:00+00:00,0,0,0.0,[]
2020-10-24 07:25:00+00:00,0,0,0.0,[]
2020-10-24 07:30:00+00:00,0,0,0.0,[]
2020-10-24 07:35:00+00:00,0,0,0.0,[]
2020-10-24 07:40:00+00:00,0,0,0.0,[]
2020-10-24 07:45:00+00:00,0,0,0.0,[]
2020-10-24 07:50:00+00:00,0,0,0.0,[]
2020-10-24 07:55:00+00:00,0,0,0.0,[]
2020-10-24 08:00:00+00:00,0,0,0.0,[]
2020-10-24 08:05:00+00:00,0,0,0.0,[]
2020-10-24 08:10:00+00:00,0,0,0.0,[]
2020-10-24 08:15:00+00:00,0,0,0.0,[]
2020-10-24 08:20:00+00:00,0,0,0.0,[]
2020-10-24 08:25:00+00:00,0,0,0.0,[]
2020-10-24 08:30:00+00:00,0,0,0.0,[]
2020-10-24 08:35:00+00:00,0,0,0.0,[]
2020-10-24 08:40:00+00:00,0,0,0.0,[]
2020-10-24 08:45:00+00:00,0,0,0.0,[]
2020-10-24 08:50:00+00:00,0,0,0.0,[]
2020-10-24 08:55:00+00:00,0,0,0.0,[]
2020-10-24 09:00:00+00:00,0,0,0.0,[]
2020-10-24 09:05:00+00:00,0,0,0.0,[]
2020-10-24 09:10:00+00:00,0,0,0.0,[]
2020-10-24 09:15:00+00:00,0,0,0.0,[]
2020-10-24 09:20:00+00:00,0,0,0.0,[]
2020-10-24 09:25:00+00:00,0,0,0.0,[]
2020-10-24 09:30:00+00:00,0,0,0.0,[]
2020-10-24 09:35:00+00:00,0,0,0.0,[]
2020-10-24 09:40:00+00:00,0,0,0.0,[]
2020-10-24 09:45:00+00:00,0,0,0.0,[]
2020-10-24 09:50:00+00:00,0,0,0.0,[]
2020-10-24 09:55:00+00:00,0,0,0.0,[]
2020-10-24 10:00:00+00:00,420,0,1.0,[420]
2020-10-24 10:05:00+00:00,0,0,0.0,[]
2020-10-24 10:10:00+00:00,0,0,0.0,[]
2020-10-24 10:15:00+00:00,0,0,0.0,[]
2020-10-24 10:20:00+00:00,0,0,0.0,[]
2020-10-24 10:25:00+00:00,0,0,0.0,[]
2020-10-24 10:30:00+00:00,180,0,1.0,[180]
2020-10-24 10:35:00+00:00,0,0,0.0,[]
2020-10-24 10:40:00+00:00,0,0,0.0,[]
2020-10-24 10:45:00+00:00,0,0,0.0,[]
2020-10-24 10:50:00+00:00,0,0,0.0,[]
2020-10-24 10:55:00+00:00,0,0,0.0,[]
2020-10-24 11:00:00+00:00,0,0,0.0,[]
2020-10-24 11:05:00+00:00,0,0,0.0,[]
2020-10-24 11:10:00+00:00,0,0,0.0,[]
2020-10-24 11:15:00+00:00,8310,0,1.0,[8310]
2020-10-24 11:20:00+00:00,0,0,0.0,[]
2020-10-24 11:25:00+00:00,7180,0,1.0,[7180]
2020-10-24 11:30:00+00:00,0,0,0.0,[]
2020-10-24 11:35:00+00:00,0,0,0.0,[]
2020-10-24 11:40:00+00:00,2060,0,1.0,[2060]
2020-10-24 11:45:00+00:00,0,0,0.0,[]
2020-10-24 11:50:00+00:00,0,0,0.0,[]
2020-10-24 11:55:00+00:00,0,0,0.0,[]
2020-10-24 12:00:00+00:00,0,0,0.0,[]
2020-10-24 12:05:00+00:00,0,0,0.0,[]
2020-10-24 12:10:00+00:00,0,0,0.0,[]
2020-10-24 12:15:00+00:00,4220,0,1.0,[4220]
2020-10-24 12:20:00+00:00,0,0,0.0,[]
2020-10-24 12:25:00+00:00,0,0,0.0,[]
2020-10-24 12:30:00+00:00,0,0,0.0,[]
2020-10-24 12:35:00+00:00,0,0,0.0,[]
2020-10-24 12:40:00+00:00,0,0,0.0,[]
2020-10-24 12:45:00+00:00,0,0,0.0,[]
2020-10-24 12:50:00+00:00,0,0,0.0,[]
2020-10-24 12:55:00+00:00,3100,0,1.0,[3100]
2020-10-24 13:00:00+00:00,3100,0,1.0,[3100]
2020-10-24 13:05:00+00:00,0,0,0.0,[]
2020-10-24 13:10:00+00:00,5430,0,1.0,[5430]
2020-10-24 13:15:00+00:00,0,0,0.0,[]
2020-10-24 13:20:00+00:00,0,0,0.0,[]
2020-10-24 13:25:00+00:00,0,0,0.0,[]
2020-10-24 13:30:00+00:00,0,0,0.0,[]
2020-10-24 13:35:00+00:00,0,0,0.0,[]
2020-10-24 13:40:00+00:00,0,0,0.0,[]
2020-10-24 13:45:00+00:00,0,0,0.0,[]
2020-10-24 13:50:00+00:00,0,0,0.0,[]
2020-10-24 13:55:00+00:00,0,0,0.0,[]
2020-10-24 14:00:00+00:00,0,0,0.0,[]
2020-10-24 14:05:00+00:00,9560,0,2.0,"[1760, 7800]"
2020-10-24 14:10:00+00:00,550,0,1.0,[550]
2020-10-24 14:15:00+00:00,1540,0,1.0,[1540]
2020-10-24 14:20:00+00:00,0,0,0.0,[]
2020-10-24 14:25:00+00:00,0,0,0.0,[]
2020-10-24 14:30:00+00:00,0,0,0.0,[]
2020-10-24 14:35:00+00:00,0,0,0.0,[]
2020-10-24 14:40:00+00:00,5710,0,1.0,[5710]
2020-10-24 14:45:00+00:00,0,0,0.0,[]
2020-10-24 14:50:00+00:00,0,0,0.0,[]
2020-10-24 14:55:00+00:00,14290,0,1.0,[14290]
2020-10-24 15:00:00+00:00,0,0,0.0,[]
2020-10-24 15:05:00+00:00,0,0,0.0,[]
2020-10-24 15:10:00+00:00,1470,0,1.0,[1470]
2020-10-24 15:15:00+00:00,5260,0,1.0,[5260]
2020-10-24 15:20:00+00:00,0,0,0.0,[]
2020-10-24 15:25:00+00:00,0,0,0.0,[]
2020-10-24 15:30:00+00:00,72600,0,3.0,"[68660, 1810, 2130]"
2020-10-24 15:35:00+00:00,0,0,0.0,[]
2020-10-24 15:40:00+00:00,20,0,1.0,[20]
2020-10-24 15:45:00+00:00,2470,0,2.0,"[2460, 10]"
2020-10-24 15:50:00+00:00,22190,0,2.0,"[13210, 8980]"
2020-10-24 15:55:00+00:00,0,0,0.0,[]
2020-10-24 16:00:00+00:00,2440,0,1.0,[2440]
2020-10-24 16:05:00+00:00,0,0,0.0,[]
2020-10-24 16:10:00+00:00,0,0,0.0,[]
2020-10-24 16:15:00+00:00,0,0,0.0,[]
2020-10-24 16:20:00+00:00,4340,0,1.0,[4340]
2020-10-24 16:25:00+00:00,0,0,0.0,[]
2020-10-24 16:30:00+00:00,30,0,1.0,[30]
2020-10-24 16:35:00+00:00,0,0,0.0,[]
2020-10-24 16:40:00+00:00,0,0,0.0,[]
2020-10-24 16:45:00+00:00,0,0,0.0,[]
2020-10-24 16:50:00+00:00,2170,0,1.0,[2170]
2020-10-24 16:55:00+00:00,0,0,0.0,[]
2020-10-24 17:00:00+00:00,0,0,0.0,[]
2020-10-24 17:05:00+00:00,0,0,0.0,[]
2020-10-24 17:10:00+00:00,0,0,0.0,[]
2020-10-24 17:15:00+00:00,0,0,0.0,[]
2020-10-24 17:20:00+00:00,2590,0,1.0,[2590]
2020-10-24 17:25:00+00:00,0,0,0.0,[]
2020-10-24 17:30:00+00:00,2770,0,2.0,"[410, 2360]"
2020-10-24 17:35:00+00:00,0,0,0.0,[]
2020-10-24 17:40:00+00:00,0,0,0.0,[]
2020-10-24 17:45:00+00:00,0,0,0.0,[]
2020-10-24 17:50:00+00:00,0,0,0.0,[]
2020-10-24 17:55:00+00:00,910,0,1.0,[910]
2020-10-24 18:00:00+00:00,910,0,1.0,[910]
2020-10-24 18:05:00+00:00,0,0,0.0,[]
2020-10-24 18:10:00+00:00,0,0,0.0,[]
2020-10-24 18:15:00+00:00,0,0,0.0,[]
2020-10-24 18:20:00+00:00,0,0,0.0,[]
2020-10-24 18:25:00+00:00,0,0,0.0,[]
2020-10-24 18:30:00+00:00,0,0,0.0,[]
2020-10-24 18:35:00+00:00,0,0,0.0,[]
2020-10-24 18:40:00+00:00,0,0,0.0,[]
2020-10-24 18:45:00+00:00,3320,0,2.0,"[3310, 10]"
2020-10-24 18:50:00+00:00,0,0,0.0,[]
2020-10-24 18:55:00+00:00,0,0,0.0,[]
2020-10-24 19:00:00+00:00,0,0,0.0,[]
2020-10-24 19:05:00+00:00,0,0,0.0,[]
2020-10-24 19:10:00+00:00,0,0,0.0,[]
2020-10-24 19:15:00+00:00,0,0,0.0,[]
2020-10-24 19:20:00+00:00,0,0,0.0,[]
2020-10-24 19:25:00+00:00,0,0,0.0,[]
2020-10-24 19:30:00+00:00,0,0,0.0,[]
2020-10-24 19:35:00+00:00,0,0,0.0,[]
2020-10-24 19:40:00+00:00,0,0,0.0,[]
2020-10-24 19:45:00+00:00,4880,0,1.0,[4880]
2020-10-24 19:50:00+00:00,0,0,0.0,[]
2020-10-24 19:55:00+00:00,0,0,0.0,[]
2020-10-24 20:00:00+00:00,760,0,1.0,[760]
2020-10-24 20:05:00+00:00,0,0,0.0,[]
2020-10-24 20:10:00+00:00,1630,0,1.0,[1630]
2020-10-24 20:15:00+00:00,0,0,0.0,[]
2020-10-24 20:20:00+00:00,0,0,0.0,[]
2020-10-24 20:25:00+00:00,120,0,1.0,[120]
2020-10-24 20:30:00+00:00,620,0,1.0,[620]
2020-10-24 20:35:00+00:00,0,0,0.0,[]
2020-10-24 20:40:00+00:00,11420,0,1.0,[11420]
2020-10-24 20:45:00+00:00,0,0,0.0,[]
2020-10-24 20:50:00+00:00,2670,0,2.0,"[150, 2520]"
2020-10-24 20:55:00+00:00,0,0,0.0,[]
2020-10-24 21:00:00+00:00,0,0,0.0,[]
2020-10-24 21:05:00+00:00,0,0,0.0,[]
2020-10-24 21:10:00+00:00,0,0,0.0,[]
2020-10-24 21:15:00+00:00,50,0,1.0,[50]
2020-10-24 21:20:00+00:00,0,0,0.0,[]
2020-10-24 21:25:00+00:00,20,0,1.0,[20]
2020-10-24 21:30:00+00:00,0,0,0.0,[]
2020-10-24 21:35:00+00:00,0,0,0.0,[]
2020-10-24 21:40:00+00:00,12220,0,1.0,[12220]
2020-10-24 21:45:00+00:00,6280,0,3.0,"[90, 4130, 2060]"
2020-10-24 21:50:00+00:00,0,0,0.0,[]
2020-10-24 21:55:00+00:00,3790,0,1.0,[3790]
2020-10-24 22:00:00+00:00,0,0,0.0,[]
2020-10-24 22:05:00+00:00,0,0,0.0,[]
2020-10-24 22:10:00+00:00,3600,0,1.0,[3600]
2020-10-24 22:15:00+00:00,2110,0,1.0,[2110]
2020-10-24 22:20:00+00:00,0,0,0.0,[]
2020-10-24 22:25:00+00:00,0,0,0.0,[]
2020-10-24 22:30:00+00:00,0,0,0.0,[]
2020-10-24 22:35:00+00:00,0,0,0.0,[]
2020-10-24 22:40:00+00:00,0,0,0.0,[]
2020-10-24 22:45:00+00:00,0,0,0.0,[]
2020-10-24 22:50:00+00:00,0,0,0.0,[]
2020-10-24 22:55:00+00:00,0,0,0.0,[]
2020-10-24 23:00:00+00:00,0,0,0.0,[]
2020-10-24 23:05:00+00:00,0,0,0.0,[]
2020-10-24 23:10:00+00:00,0,0,0.0,[]
2020-10-24 23:15:00+00:00,0,0,0.0,[]
2020-10-24 23:20:00+00:00,0,0,0.0,[]
2020-10-24 23:25:00+00:00,0,0,0.0,[]
2020-10-24 23:30:00+00:00,13060,0,1.0,[13060]
2020-10-24 23:35:00+00:00,10160,0,1.0,[10160]
2020-10-24 23:40:00+00:00,0,0,0.0,[]
2020-10-24 23:45:00+00:00,0,0,0.0,[]
2020-10-24 23:50:00+00:00,0,0,0.0,[]
2020-10-24 23:55:00+00:00,0,0,0.0,[]
2020-10-25 00:00:00+00:00,0,0,0.0,[]
2020-10-25 00:05:00+00:00,0,0,0.0,[]
2020-10-25 00:10:00+00:00,0,0,0.0,[]
2020-10-25 00:15:00+00:00,0,0,0.0,[]
2020-10-25 00:20:00+00:00,0,0,0.0,[]
2020-10-25 00:25:00+00:00,0,0,0.0,[]
2020-10-25 00:30:00+00:00,0,0,0.0,[]
2020-10-25 00:35:00+00:00,0,0,0.0,[]
2020-10-25 00:40:00+00:00,0,0,0.0,[]
2020-10-25 00:45:00+00:00,0,0,0.0,[]
2020-10-25 00:50:00+00:00,0,0,0.0,[]
2020-10-25 00:55:00+00:00,0,0,0.0,[]
2020-10-25 01:00:00+00:00,0,0,0.0,[]
2020-10-25 01:05:00+00:00,0,0,0.0,[]
2020-10-25 01:10:00+00:00,0,0,0.0,[]
2020-10-25 01:15:00+00:00,0,0,0.0,[]
2020-10-25 01:20:00+00:00,10,0,1.0,[10]
2020-10-25 01:25:00+00:00,1200,0,1.0,[1200]
2020-10-25 01:30:00+00:00,0,0,0.0,[]
2020-10-25 01:35:00+00:00,0,0,0.0,[]
2020-10-25 01:40:00+00:00,0,0,0.0,[]
2020-10-25 01:45:00+00:00,1770,0,1.0,[1770]
2020-10-25 01:50:00+00:00,0,0,0.0,[]
2020-10-25 01:55:00+00:00,0,0,0.0,[]
2020-10-25 02:00:00+00:00,0,0,0.0,[]
2020-10-25 02:05:00+00:00,140,0,1.0,[140]
2020-10-25 02:10:00+00:00,0,0,0.0,[]
2020-10-25 02:15:00+00:00,0,0,0.0,[]
2020-10-25 02:20:00+00:00,0,0,0.0,[]
2020-10-25 02:25:00+00:00,0,0,0.0,[]
2020-10-25 02:30:00+00:00,0,0,0.0,[]
2020-10-25 02:35:00+00:00,0,0,0.0,[]
2020-10-25 02:40:00+00:00,0,0,0.0,[]
2020-10-25 02:45:00+00:00,3630,0,2.0,"[570, 3060]"
2020-10-25 02:50:00+00:00,0,0,0.0,[]
2020-10-25 02:55:00+00:00,590,0,1.0,[590]
2020-10-25 03:00:00+00:00,0,0,0.0,[]
2020-10-25 03:05:00+00:00,0,0,0.0,[]
2020-10-25 03:10:00+00:00,0,0,0.0,[]
2020-10-25 03:15:00+00:00,0,0,0.0,[]
2020-10-25 03:20:00+00:00,0,0,0.0,[]
2020-10-25 03:25:00+00:00,0,0,0.0,[]
2020-10-25 03:30:00+00:00,0,0,0.0,[]
2020-10-25 03:35:00+00:00,0,0,0.0,[]
2020-10-25 03:40:00+00:00,2320,0,1.0,[2320]
2020-10-25 03:45:00+00:00,880,0,1.0,[880]
2020-10-25 03:50:00+00:00,460,0,1.0,[460]
2020-10-25 03:55:00+00:00,0,0,0.0,[]
2020-10-25 04:00:00+00:00,0,0,0.0,[]
2020-10-25 04:05:00+00:00,0,0,0.0,[]
2020-10-25 04:10:00+00:00,0,0,0.0,[]
2020-10-25 04:15:00+00:00,0,0,0.0,[]
2020-10-25 04:20:00+00:00,2640,0,1.0,[2640]
2020-10-25 04:25:00+00:00,0,0,0.0,[]
2020-10-25 04:30:00+00:00,0,0,0.0,[]
2020-10-25 04:35:00+00:00,0,0,0.0,[]
2020-10-25 04:40:00+00:00,0,0,0.0,[]
2020-10-25 04:45:00+00:00,0,0,0.0,[]
2020-10-25 04:50:00+00:00,0,0,0.0,[]
2020-10-25 04:55:00+00:00,0,0,0.0,[]
2020-10-25 05:00:00+00:00,0,0,0.0,[]
2020-10-25 05:05:00+00:00,0,0,0.0,[]
2020-10-25 05:10:00+00:00,0,0,0.0,[]
2020-10-25 05:15:00+00:00,0,0,0.0,[]
2020-10-25 05:20:00+00:00,0,0,0.0,[]
2020-10-25 05:25:00+00:00,0,0,0.0,[]
2020-10-25 05:30:00+00:00,0,0,0.0,[]
2020-10-25 05:35:00+00:00,0,0,0.0,[]
2020-10-25 05:40:00+00:00,0,0,0.0,[]
2020-10-25 05:45:00+00:00,0,0,0.0,[]
2020-10-25 05:50:00+00:00,0,0,0.0,[]
2020-10-25 05:55:00+00:00,0,0,0.0,[]
2020-10-25 06:00:00+00:00,0,0,1.0,[0]
2020-10-25 06:05:00+00:00,0,0,0.0,[]
2020-10-25 06:10:00+00:00,0,0,0.0,[]
2020-10-25 06:15:00+00:00,0,0,0.0,[]
2020-10-25 06:20:00+00:00,0,0,0.0,[]
2020-10-25 06:25:00+00:00,7710,0,1.0,[7710]
2020-10-25 06:30:00+00:00,0,0,0.0,[]
2020-10-25 06:35:00+00:00,0,0,0.0,[]
2020-10-25 06:40:00+00:00,0,0,0.0,[]
2020-10-25 06:45:00+00:00,0,0,0.0,[]
2020-10-25 06:50:00+00:00,0,0,0.0,[]
2020-10-25 06:55:00+00:00,0,0,0.0,[]
2020-10-25 07:00:00+00:00,0,0,0.0,[]
2020-10-25 07:05:00+00:00,0,0,0.0,[]
2020-10-25 07:10:00+00:00,0,0,0.0,[]
2020-10-25 07:15:00+00:00,0,0,0.0,[]
2020-10-25 07:20:00+00:00,0,0,0.0,[]
2020-10-25 07:25:00+00:00,0,0,0.0,[]
2020-10-25 07:30:00+00:00,0,0,0.0,[]
2020-10-25 07:35:00+00:00,0,0,0.0,[]
2020-10-25 07:40:00+00:00,0,0,0.0,[]
2020-10-25 07:45:00+00:00,0,0,0.0,[]
2020-10-25 07:50:00+00:00,0,0,0.0,[]
2020-10-25 07:55:00+00:00,240,0,1.0,[240]
2020-10-25 08:00:00+00:00,0,0,0.0,[]
2020-10-25 08:05:00+00:00,0,0,0.0,[]
2020-10-25 08:10:00+00:00,0,0,0.0,[]
2020-10-25 08:15:00+00:00,0,0,0.0,[]
2020-10-25 08:20:00+00:00,0,0,0.0,[]
2020-10-25 08:25:00+00:00,0,0,0.0,[]
2020-10-25 08:30:00+00:00,0,0,0.0,[]
2020-10-25 08:35:00+00:00,0,0,0.0,[]
2020-10-25 08:40:00+00:00,0,0,0.0,[]
2020-10-25 08:45:00+00:00,7000,0,1.0,[7000]
2020-10-25 08:50:00+00:00,0,0,0.0,[]
2020-10-25 08:55:00+00:00,0,0,0.0,[]
2020-10-25 09:00:00+00:00,0,0,0.0,[]
2020-10-25 09:05:00+00:00,0,0,0.0,[]
2020-10-25 09:10:00+00:00,0,0,0.0,[]
2020-10-25 09:15:00+00:00,0,0,0.0,[]
2020-10-25 09:20:00+00:00,0,0,0.0,[]
2020-10-25 09:25:00+00:00,0,0,0.0,[]
2020-10-25 09:30:00+00:00,0,0,0.0,[]
2020-10-25 09:35:00+00:00,0,0,0.0,[]
2020-10-25 09:40:00+00:00,0,0,0.0,[]
2020-10-25 09:45:00+00:00,0,0,0.0,[]
2020-10-25 09:50:00+00:00,0,0,0.0,[]
2020-10-25 09:55:00+00:00,0,0,0.0,[]
2020-10-25 10:00:00+00:00,0,0,0.0,[]
2020-10-25 10:05:00+00:00,0,0,0.0,[]
2020-10-25 10:10:00+00:00,0,0,0.0,[]
2020-10-25 10:15:00+00:00,0,0,0.0,[]
2020-10-25 10:20:00+00:00,0,0,0.0,[]
2020-10-25 10:25:00+00:00,0,0,0.0,[]
2020-10-25 10:30:00+00:00,0,0,0.0,[]
2020-10-25 10:35:00+00:00,0,0,0.0,[]
2020-10-25 10:40:00+00:00,0,0,0.0,[]
2020-10-25 10:45:00+00:00,0,0,0.0,[]
2020-10-25 10:50:00+00:00,0,0,0.0,[]
2020-10-25 10:55:00+00:00,0,0,0.0,[]
2020-10-25 11:00:00+00:00,1020,0,1.0,[1020]
2020-10-25 11:05:00+00:00,0,0,0.0,[]
2020-10-25 11:10:00+00:00,0,0,0.0,[]
2020-10-25 11:15:00+00:00,0,0,0.0,[]
2020-10-25 11:20:00+00:00,0,0,0.0,[]
2020-10-25 11:25:00+00:00,0,0,0.0,[]
2020-10-25 11:30:00+00:00,0,0,0.0,[]
2020-10-25 11:35:00+00:00,0,0,0.0,[]
2020-10-25 11:40:00+00:00,0,0,0.0,[]
2020-10-25 11:45:00+00:00,0,0,0.0,[]
2020-10-25 11:50:00+00:00,0,0,0.0,[]
2020-10-25 11:55:00+00:00,0,0,0.0,[]
2020-10-25 12:00:00+00:00,0,0,0.0,[]
2020-10-25 12:05:00+00:00,0,0,0.0,[]
2020-10-25 12:10:00+00:00,0,0,0.0,[]
2020-10-25 12:15:00+00:00,0,0,0.0,[]
2020-10-25 12:20:00+00:00,3110,0,1.0,[3110]
2020-10-25 12:25:00+00:00,0,0,0.0,[]
2020-10-25 12:30:00+00:00,0,0,0.0,[]
2020-10-25 12:35:00+00:00,0,0,0.0,[]
2020-10-25 12:40:00+00:00,0,0,0.0,[]
2020-10-25 12:45:00+00:00,0,0,0.0,[]
2020-10-25 12:50:00+00:00,0,0,0.0,[]
2020-10-25 12:55:00+00:00,0,0,0.0,[]
2020-10-25 13:00:00+00:00,0,0,0.0,[]
2020-10-25 13:05:00+00:00,60,0,1.0,[60]
2020-10-25 13:10:00+00:00,0,0,0.0,[]
2020-10-25 13:15:00+00:00,0,0,0.0,[]
2020-10-25 13:20:00+00:00,0,0,0.0,[]
2020-10-25 13:25:00+00:00,0,0,0.0,[]
2020-10-25 13:30:00+00:00,0,0,0.0,[]
2020-10-25 13:35:00+00:00,0,0,0.0,[]
2020-10-25 13:40:00+00:00,0,0,0.0,[]
2020-10-25 13:45:00+00:00,0,0,0.0,[]
2020-10-25 13:50:00+00:00,4730,0,1.0,[4730]
2020-10-25 13:55:00+00:00,0,0,0.0,[]
2020-10-25 14:00:00+00:00,0,0,0.0,[]
2020-10-25 14:05:00+00:00,0,0,0.0,[]
2020-10-25 14:10:00+00:00,0,0,0.0,[]
2020-10-25 14:15:00+00:00,0,0,0.0,[]
2020-10-25 14:20:00+00:00,0,0,0.0,[]
2020-10-25 14:25:00+00:00,0,0,0.0,[]
2020-10-25 14:30:00+00:00,0,0,0.0,[]
2020-10-25 14:35:00+00:00,0,0,0.0,[]
2020-10-25 14:40:00+00:00,0,0,0.0,[]
2020-10-25 14:45:00+00:00,0,0,0.0,[]
2020-10-25 14:50:00+00:00,0,0,0.0,[]
2020-10-25 14:55:00+00:00,0,0,0.0,[]
2020-10-25 15:00:00+00:00,0,0,0.0,[]
2020-10-25 15:05:00+00:00,0,0,0.0,[]
2020-10-25 15:10:00+00:00,330,0,1.0,[330]
2020-10-25 15:15:00+00:00,0,0,0.0,[]
2020-10-25 15:20:00+00:00,0,0,0.0,[]
2020-10-25 15:25:00+00:00,10,0,1.0,[10]
2020-10-25 15:30:00+00:00,0,0,0.0,[]
2020-10-25 15:35:00+00:00,450,0,2.0,"[180, 270]"
2020-10-25 15:40:00+00:00,0,0,0.0,[]
2020-10-25 15:45:00+00:00,0,0,0.0,[]
2020-10-25 15:50:00+00:00,0,0,0.0,[]
2020-10-25 15:55:00+00:00,0,0,0.0,[]
2020-10-25 16:00:00+00:00,0,0,0.0,[]
2020-10-25 16:05:00+00:00,0,0,0.0,[]
2020-10-25 16:10:00+00:00,0,0,0.0,[]
2020-10-25 16:15:00+00:00,0,0,0.0,[]
2020-10-25 16:20:00+00:00,0,0,0.0,[]
2020-10-25 16:25:00+00:00,0,0,0.0,[]
2020-10-25 16:30:00+00:00,0,0,0.0,[]
2020-10-25 16:35:00+00:00,0,0,0.0,[]
2020-10-25 16:40:00+00:00,0,0,1.0,[0]
2020-10-25 16:45:00+00:00,0,0,0.0,[]
2020-10-25 16:50:00+00:00,0,0,0.0,[]
2020-10-25 16:55:00+00:00,0,0,0.0,[]
2020-10-25 17:00:00+00:00,0,0,0.0,[]
2020-10-25 17:05:00+00:00,0,0,0.0,[]
2020-10-25 17:10:00+00:00,0,0,0.0,[]
2020-10-25 17:15:00+00:00,0,0,0.0,[]
2020-10-25 17:20:00+00:00,0,0,0.0,[]
2020-10-25 17:25:00+00:00,0,0,0.0,[]
2020-10-25 17:30:00+00:00,0,0,0.0,[]
2020-10-25 17:35:00+00:00,0,0,0.0,[]
2020-10-25 17:40:00+00:00,0,0,0.0,[]
2020-10-25 17:45:00+00:00,0,0,0.0,[]
2020-10-25 17:50:00+00:00,0,0,0.0,[]
2020-10-25 17:55:00+00:00,800,0,1.0,[800]
2020-10-25 18:00:00+00:00,0,0,0.0,[]
2020-10-25 18:05:00+00:00,0,0,0.0,[]
2020-10-25 18:10:00+00:00,0,0,0.0,[]
2020-10-25 18:15:00+00:00,0,0,0.0,[]
2020-10-25 18:20:00+00:00,0,0,0.0,[]
2020-10-25 18:25:00+00:00,0,0,0.0,[]
2020-10-25 18:30:00+00:00,0,0,0.0,[]
2020-10-25 18:35:00+00:00,0,0,0.0,[]
2020-10-25 18:40:00+00:00,0,0,0.0,[]
2020-10-25 18:45:00+00:00,0,0,0.0,[]
2020-10-25 18:50:00+00:00,0,0,0.0,[]
2020-10-25 18:55:00+00:00,0,0,0.0,[]
2020-10-25 19:00:00+00:00,0,0,0.0,[]
2020-10-25 19:05:00+00:00,0,0,0.0,[]
2020-10-25 19:10:00+00:00,0,0,0.0,[]
2020-10-25 19:15:00+00:00,0,0,0.0,[]
2020-10-25 19:20:00+00:00,0,0,0.0,[]
2020-10-25 19:25:00+00:00,0,0,0.0,[]
2020-10-25 19:30:00+00:00,0,0,0.0,[]
2020-10-25 19:35:00+00:00,0,0,0.0,[]
2020-10-25 19:40:00+00:00,0,0,0.0,[]
2020-10-25 19:45:00+00:00,0,0,0.0,[]
2020-10-25 19:50:00+00:00,0,0,0.0,[]
2020-10-25 19:55:00+00:00,0,0,0.0,[]
2020-10-25 20:00:00+00:00,0,0,0.0,[]
2020-10-25 20:05:00+00:00,0,0,0.0,[]
2020-10-25 20:10:00+00:00,0,0,0.0,[]
2020-10-25 20:15:00+00:00,0,0,0.0,[]
2020-10-25 20:20:00+00:00,0,0,0.0,[]
2020-10-25 20:25:00+00:00,1160,0,1.0,[1160]
2020-10-25 20:30:00+00:00,3110,0,1.0,[3110]
2020-10-25 20:35:00+00:00,0,0,0.0,[]
2020-10-25 20:40:00+00:00,880,0,1.0,[880]
2020-10-25 20:45:00+00:00,0,0,0.0,[]
2020-10-25 20:50:00+00:00,0,0,0.0,[]
2020-10-25 20:55:00+00:00,0,0,0.0,[]
2020-10-25 21:00:00+00:00,0,0,0.0,[]
2020-10-25 21:05:00+00:00,0,0,0.0,[]
2020-10-25 21:10:00+00:00,0,0,0.0,[]
2020-10-25 21:15:00+00:00,0,0,0.0,[]
2020-10-25 21:20:00+00:00,0,0,0.0,[]
2020-10-25 21:25:00+00:00,0,0,0.0,[]
2020-10-25 21:30:00+00:00,0,0,0.0,[]
2020-10-25 21:35:00+00:00,0,0,0.0,[]
2020-10-25 21:40:00+00:00,95860,0,3.0,"[6560, 3220, 86080]"
2020-10-25 21:45:00+00:00,18580,0,7.0,"[620, 990, 1150, 40, 2690, 3480, 9610]"
2020-10-25 21:50:00+00:00,2930,0,4.0,"[2690, 40, 50, 150]"
2020-10-25 21:55:00+00:00,1690,0,2.0,"[1510, 180]"
2020-10-25 22:00:00+00:00,350,0,2.0,"[40, 310]"
2020-10-25 22:05:00+00:00,140,0,1.0,[140]
2020-10-25 22:10:00+00:00,2220,0,1.0,[2220]
2020-10-25 22:15:00+00:00,0,0,0.0,[]
2020-10-25 22:20:00+00:00,0,0,0.0,[]
2020-10-25 22:25:00+00:00,0,0,1.0,[0]
2020-10-25 22:30:00+00:00,0,0,0.0,[]
2020-10-25 22:35:00+00:00,118680,0,3.0,"[117870, 400, 410]"
2020-10-25 22:40:00+00:00,0,0,0.0,[]
2020-10-25 22:45:00+00:00,80,0,1.0,[80]
2020-10-25 22:50:00+00:00,0,0,0.0,[]
2020-10-25 22:55:00+00:00,0,0,0.0,[]
2020-10-25 23:00:00+00:00,0,0,0.0,[]
2020-10-25 23:05:00+00:00,0,0,0.0,[]
2020-10-25 23:10:00+00:00,0,0,0.0,[]
2020-10-25 23:15:00+00:00,0,0,0.0,[]
2020-10-25 23:20:00+00:00,19620,0,1.0,[19620]
2020-10-25 23:25:00+00:00,0,0,0.0,[]
2020-10-25 23:30:00+00:00,10,0,1.0,[10]
2020-10-25 23:35:00+00:00,250,0,1.0,[250]
2020-10-25 23:40:00+00:00,0,0,0.0,[]
2020-10-25 23:45:00+00:00,0,0,0.0,[]
2020-10-25 23:50:00+00:00,0,0,0.0,[]
2020-10-25 23:55:00+00:00,0,0,0.0,[]
2020-10-26 00:00:00+00:00,0,0,0.0,[]
2020-10-26 00:05:00+00:00,4120,0,1.0,[4120]
2020-10-26 00:10:00+00:00,1510,0,1.0,[1510]
2020-10-26 00:15:00+00:00,136740,1,20.0,"[30290, 81510, 740, 50, 180, 90, 740, 6820, 2570, 30, 3610, 2040, 250, 140, 1380, 10, 2670, 250, 260, 3110]"
2020-10-26 00:20:00+00:00,14550,0,16.0,"[220, 80, 3330, 3510, 4360, 460, 150, 190, 840, 0, 20, 100, 780, 180, 250, 80]"
2020-10-26 00:25:00+00:00,16410,0,8.0,"[270, 2790, 3410, 590, 5180, 1550, 170, 2450]"
2020-10-26 00:30:00+00:00,7690,0,6.0,"[20, 6510, 660, 380, 30, 90]"
2020-10-26 00:35:00+00:00,2570,0,2.0,"[2400, 170]"
2020-10-26 00:40:00+00:00,4860,0,5.0,"[10, 750, 3460, 320, 320]"
2020-10-26 00:45:00+00:00,10350,0,1.0,[10350]
2020-10-26 00:50:00+00:00,400,0,2.0,"[230, 170]"
2020-10-26 00:55:00+00:00,5300,0,3.0,"[1680, 1300, 2320]"
2020-10-26 01:00:00+00:00,7250,0,3.0,"[80, 5060, 2110]"
2020-10-26 01:05:00+00:00,0,0,0.0,[]
2020-10-26 01:10:00+00:00,340,0,3.0,"[0, 0, 340]"
2020-10-26 01:15:00+00:00,0,0,0.0,[]
2020-10-26 01:20:00+00:00,0,0,0.0,[]
2020-10-26 01:25:00+00:00,0,0,0.0,[]
2020-10-26 01:30:00+00:00,5640,0,2.0,"[3180, 2460]"
2020-10-26 01:35:00+00:00,4780,0,1.0,[4780]
2020-10-26 01:40:00+00:00,55400,0,3.0,"[47340, 7390, 670]"
2020-10-26 01:45:00+00:00,2990,0,2.0,"[1070, 1920]"
2020-10-26 01:50:00+00:00,3800,0,2.0,"[420, 3380]"
2020-10-26 01:55:00+00:00,66260,0,4.0,"[1450, 63480, 160, 1170]"
2020-10-26 02:00:00+00:00,950,0,2.0,"[320, 630]"
2020-10-26 02:05:00+00:00,6240,0,4.0,"[3030, 1030, 1930, 250]"
2020-10-26 02:10:00+00:00,90,0,1.0,[90]
2020-10-26 02:15:00+00:00,5500,0,2.0,"[2680, 2820]"
2020-10-26 02:20:00+00:00,5430,0,1.0,[5430]
2020-10-26 02:25:00+00:00,1380,0,2.0,"[730, 650]"
2020-10-26 02:30:00+00:00,10,0,1.0,[10]
2020-10-26 02:35:00+00:00,100,0,1.0,[100]
2020-10-26 02:40:00+00:00,830,0,1.0,[830]
2020-10-26 02:45:00+00:00,370,0,1.0,[370]
2020-10-26 02:50:00+00:00,0,0,0.0,[]
2020-10-26 02:55:00+00:00,0,0,0.0,[]
2020-10-26 03:00:00+00:00,4300,0,1.0,[4300]
2020-10-26 03:05:00+00:00,0,0,0.0,[]
2020-10-26 03:10:00+00:00,780,0,1.0,[780]
2020-10-26 03:15:00+00:00,0,0,0.0,[]
2020-10-26 03:20:00+00:00,0,0,0.0,[]
2020-10-26 03:25:00+00:00,3410,0,2.0,"[2230, 1180]"
2020-10-26 03:30:00+00:00,0,0,0.0,[]
2020-10-26 03:35:00+00:00,0,0,0.0,[]
2020-10-26 03:40:00+00:00,0,0,0.0,[]
2020-10-26 03:45:00+00:00,0,0,0.0,[]
2020-10-26 03:50:00+00:00,0,0,0.0,[]
2020-10-26 03:55:00+00:00,2430,0,2.0,"[2230, 200]"
2020-10-26 04:00:00+00:00,0,0,0.0,[]
2020-10-26 04:05:00+00:00,500,0,1.0,[500]
2020-10-26 04:10:00+00:00,0,0,0.0,[]
2020-10-26 04:15:00+00:00,0,0,0.0,[]
2020-10-26 04:20:00+00:00,2930,0,1.0,[2930]
2020-10-26 04:25:00+00:00,0,0,0.0,[]
2020-10-26 04:30:00+00:00,0,0,0.0,[]
2020-10-26 04:35:00+00:00,0,0,0.0,[]
2020-10-26 04:40:00+00:00,0,0,0.0,[]
2020-10-26 04:45:00+00:00,0,0,0.0,[]
2020-10-26 04:50:00+00:00,0,0,0.0,[]
2020-10-26 04:55:00+00:00,0,0,0.0,[]
2020-10-26 05:00:00+00:00,0,0,0.0,[]
2020-10-26 05:05:00+00:00,0,0,0.0,[]
2020-10-26 05:10:00+00:00,0,0,0.0,[]
2020-10-26 05:15:00+00:00,0,0,0.0,[]
2020-10-26 05:20:00+00:00,0,0,0.0,[]
2020-10-26 05:25:00+00:00,0,0,0.0,[]
2020-10-26 05:30:00+00:00,0,0,0.0,[]
2020-10-26 05:35:00+00:00,0,0,0.0,[]
2020-10-26 05:40:00+00:00,0,0,0.0,[]
2020-10-26 05:45:00+00:00,1380,0,1.0,[1380]
2020-10-26 05:50:00+00:00,0,0,0.0,[]
2020-10-26 05:55:00+00:00,0,0,0.0,[]
2020-10-26 06:00:00+00:00,0,0,0.0,[]
2020-10-26 06:05:00+00:00,0,0,0.0,[]
2020-10-26 06:10:00+00:00,0,0,0.0,[]
2020-10-26 06:15:00+00:00,0,0,0.0,[]
2020-10-26 06:20:00+00:00,0,0,0.0,[]
2020-10-26 06:25:00+00:00,0,0,0.0,[]
2020-10-26 06:30:00+00:00,0,0,0.0,[]
2020-10-26 06:35:00+00:00,0,0,0.0,[]
2020-10-26 06:40:00+00:00,0,0,0.0,[]
2020-10-26 06:45:00+00:00,0,0,0.0,[]
2020-10-26 06:50:00+00:00,0,0,0.0,[]
2020-10-26 06:55:00+00:00,1380,0,1.0,[1380]
2020-10-26 07:00:00+00:00,0,0,0.0,[]
2020-10-26 07:05:00+00:00,3310,0,1.0,[3310]
2020-10-26 07:10:00+00:00,0,0,0.0,[]
2020-10-26 07:15:00+00:00,0,0,0.0,[]
2020-10-26 07:20:00+00:00,0,0,0.0,[]
2020-10-26 07:25:00+00:00,0,0,0.0,[]
2020-10-26 07:30:00+00:00,0,0,0.0,[]
2020-10-26 07:35:00+00:00,0,0,0.0,[]
2020-10-26 07:40:00+00:00,0,0,0.0,[]
2020-10-26 07:45:00+00:00,0,0,0.0,[]
2020-10-26 07:50:00+00:00,0,0,0.0,[]
2020-10-26 07:55:00+00:00,0,0,0.0,[]
2020-10-26 08:00:00+00:00,0,0,0.0,[]
2020-10-26 08:05:00+00:00,0,0,0.0,[]
2020-10-26 08:10:00+00:00,0,0,0.0,[]
2020-10-26 08:15:00+00:00,0,0,0.0,[]
2020-10-26 08:20:00+00:00,0,0,0.0,[]
2020-10-26 08:25:00+00:00,0,0,0.0,[]
2020-10-26 08:30:00+00:00,0,0,0.0,[]
2020-10-26 08:35:00+00:00,0,0,0.0,[]
2020-10-26 08:40:00+00:00,0,0,0.0,[]
2020-10-26 08:45:00+00:00,0,0,0.0,[]
2020-10-26 08:50:00+00:00,0,0,0.0,[]
2020-10-26 08:55:00+00:00,0,0,0.0,[]
2020-10-26 09:00:00+00:00,0,0,0.0,[]
2020-10-26 09:05:00+00:00,0,0,0.0,[]
2020-10-26 09:10:00+00:00,0,0,0.0,[]
2020-10-26 09:15:00+00:00,0,0,0.0,[]
2020-10-26 09:20:00+00:00,0,0,0.0,[]
2020-10-26 09:25:00+00:00,0,0,0.0,[]
2020-10-26 09:30:00+00:00,0,0,0.0,[]
2020-10-26 09:35:00+00:00,0,0,0.0,[]
2020-10-26 09:40:00+00:00,0,0,0.0,[]
2020-10-26 09:45:00+00:00,0,0,0.0,[]
2020-10-26 09:50:00+00:00,0,0,0.0,[]
2020-10-26 09:55:00+00:00,0,0,0.0,[]
2020-10-26 10:00:00+00:00,0,0,0.0,[]
2020-10-26 10:05:00+00:00,0,0,0.0,[]
2020-10-26 10:10:00+00:00,0,0,0.0,[]
2020-10-26 10:15:00+00:00,0,0,0.0,[]
2020-10-26 10:20:00+00:00,0,0,0.0,[]
2020-10-26 10:25:00+00:00,0,0,0.0,[]
2020-10-26 10:30:00+00:00,0,0,0.0,[]
2020-10-26 10:35:00+00:00,0,0,0.0,[]
2020-10-26 10:40:00+00:00,0,0,0.0,[]
2020-10-26 10:45:00+00:00,0,0,0.0,[]
2020-10-26 10:50:00+00:00,0,0,0.0,[]
2020-10-26 10:55:00+00:00,0,0,0.0,[]
2020-10-26 11:00:00+00:00,820,0,1.0,[820]
2020-10-26 11:05:00+00:00,0,0,0.0,[]
2020-10-26 11:10:00+00:00,0,0,0.0,[]
2020-10-26 11:15:00+00:00,0,0,0.0,[]
2020-10-26 11:20:00+00:00,530,0,1.0,[530]
2020-10-26 11:25:00+00:00,0,0,0.0,[]
2020-10-26 11:30:00+00:00,15940,0,1.0,[15940]
2020-10-26 11:35:00+00:00,0,0,0.0,[]
2020-10-26 11:40:00+00:00,360,0,1.0,[360]
2020-10-26 11:45:00+00:00,0,0,0.0,[]
2020-10-26 11:50:00+00:00,0,0,0.0,[]
2020-10-26 11:55:00+00:00,0,0,0.0,[]
2020-10-26 12:00:00+00:00,0,0,0.0,[]
2020-10-26 12:05:00+00:00,0,0,0.0,[]
2020-10-26 12:10:00+00:00,0,0,0.0,[]
2020-10-26 12:15:00+00:00,0,0,0.0,[]
2020-10-26 12:20:00+00:00,0,0,0.0,[]
2020-10-26 12:25:00+00:00,0,0,0.0,[]
2020-10-26 12:30:00+00:00,0,0,0.0,[]
2020-10-26 12:35:00+00:00,0,0,0.0,[]
2020-10-26 12:40:00+00:00,2130,0,1.0,[2130]
2020-10-26 12:45:00+00:00,0,0,0.0,[]
2020-10-26 12:50:00+00:00,0,0,0.0,[]
2020-10-26 12:55:00+00:00,0,0,0.0,[]
2020-10-26 13:00:00+00:00,0,0,0.0,[]
2020-10-26 13:05:00+00:00,0,0,0.0,[]
2020-10-26 13:10:00+00:00,0,0,0.0,[]
2020-10-26 13:15:00+00:00,0,0,0.0,[]
2020-10-26 13:20:00+00:00,0,0,0.0,[]
2020-10-26 13:25:00+00:00,0,0,0.0,[]
2020-10-26 13:30:00+00:00,0,0,0.0,[]
2020-10-26 13:35:00+00:00,0,0,0.0,[]
2020-10-26 13:40:00+00:00,0,0,0.0,[]
2020-10-26 13:45:00+00:00,40,0,1.0,[40]
2020-10-26 13:50:00+00:00,0,0,0.0,[]
2020-10-26 13:55:00+00:00,0,0,0.0,[]
2020-10-26 14:00:00+00:00,0,0,0.0,[]
2020-10-26 14:05:00+00:00,3520,0,1.0,[3520]
2020-10-26 14:10:00+00:00,0,0,0.0,[]
2020-10-26 14:15:00+00:00,0,0,0.0,[]
2020-10-26 14:20:00+00:00,60,0,1.0,[60]
2020-10-26 14:25:00+00:00,0,0,0.0,[]
2020-10-26 14:30:00+00:00,0,0,0.0,[]
2020-10-26 14:35:00+00:00,0,0,0.0,[]
2020-10-26 14:40:00+00:00,0,0,0.0,[]
2020-10-26 14:45:00+00:00,0,0,0.0,[]
2020-10-26 14:50:00+00:00,0,0,0.0,[]
2020-10-26 14:55:00+00:00,0,0,0.0,[]
2020-10-26 15:00:00+00:00,0,0,0.0,[]
2020-10-26 15:05:00+00:00,0,0,0.0,[]
2020-10-26 15:10:00+00:00,0,0,0.0,[]
2020-10-26 15:15:00+00:00,0,0,0.0,[]
2020-10-26 15:20:00+00:00,0,0,0.0,[]
2020-10-26 15:25:00+00:00,0,0,0.0,[]
2020-10-26 15:30:00+00:00,0,0,0.0,[]
2020-10-26 15:35:00+00:00,0,0,0.0,[]
2020-10-26 15:40:00+00:00,43260,0,1.0,[43260]
2020-10-26 15:45:00+00:00,3490,0,2.0,"[1420, 2070]"
2020-10-26 15:50:00+00:00,1260,0,1.0,[1260]
2020-10-26 15:55:00+00:00,33570,0,2.0,"[31800, 1770]"
2020-10-26 16:00:00+00:00,7410,0,1.0,[7410]
2020-10-26 16:05:00+00:00,9130,0,1.0,[9130]
2020-10-26 16:10:00+00:00,0,0,0.0,[]
2020-10-26 16:15:00+00:00,0,0,0.0,[]
2020-10-26 16:20:00+00:00,0,0,0.0,[]
2020-10-26 16:25:00+00:00,520,0,1.0,[520]
2020-10-26 16:30:00+00:00,0,0,0.0,[]
2020-10-26 16:35:00+00:00,0,0,0.0,[]
2020-10-26 16:40:00+00:00,0,0,0.0,[]
2020-10-26 16:45:00+00:00,0,0,0.0,[]
2020-10-26 16:50:00+00:00,0,0,0.0,[]
2020-10-26 16:55:00+00:00,0,0,0.0,[]
2020-10-26 17:00:00+00:00,0,0,0.0,[]
2020-10-26 17:05:00+00:00,0,0,0.0,[]
2020-10-26 17:10:00+00:00,0,0,0.0,[]
2020-10-26 17:15:00+00:00,0,0,0.0,[]
2020-10-26 17:20:00+00:00,0,0,0.0,[]
2020-10-26 17:25:00+00:00,0,0,0.0,[]
2020-10-26 17:30:00+00:00,0,0,0.0,[]
2020-10-26 17:35:00+00:00,0,0,0.0,[]
2020-10-26 17:40:00+00:00,920,0,1.0,[920]
2020-10-26 17:45:00+00:00,0,0,0.0,[]
2020-10-26 17:50:00+00:00,0,0,0.0,[]
2020-10-26 17:55:00+00:00,0,0,0.0,[]
2020-10-26 18:00:00+00:00,0,0,0.0,[]
2020-10-26 18:05:00+00:00,0,0,0.0,[]
2020-10-26 18:10:00+00:00,0,0,0.0,[]
2020-10-26 18:15:00+00:00,0,0,0.0,[]
2020-10-26 18:20:00+00:00,0,0,0.0,[]
2020-10-26 18:25:00+00:00,0,0,0.0,[]
2020-10-26 18:30:00+00:00,0,0,0.0,[]
2020-10-26 18:35:00+00:00,0,0,0.0,[]
2020-10-26 18:40:00+00:00,0,0,0.0,[]
2020-10-26 18:45:00+00:00,0,0,0.0,[]
2020-10-26 18:50:00+00:00,0,0,0.0,[]
2020-10-26 18:55:00+00:00,0,0,0.0,[]
2020-10-26 19:00:00+00:00,830,0,1.0,[830]
2020-10-26 19:05:00+00:00,0,0,0.0,[]
2020-10-26 19:10:00+00:00,0,0,0.0,[]
2020-10-26 19:15:00+00:00,10,0,1.0,[10]
2020-10-26 19:20:00+00:00,0,0,0.0,[]
2020-10-26 19:25:00+00:00,0,0,0.0,[]
2020-10-26 19:30:00+00:00,0,0,0.0,[]
2020-10-26 19:35:00+00:00,0,0,0.0,[]
2020-10-26 19:40:00+00:00,0,0,0.0,[]
2020-10-26 19:45:00+00:00,0,0,0.0,[]
2020-10-26 19:50:00+00:00,0,0,0.0,[]
2020-10-26 19:55:00+00:00,0,0,0.0,[]
2020-10-26 20:00:00+00:00,0,0,0.0,[]
2020-10-26 20:05:00+00:00,0,0,0.0,[]
2020-10-26 20:10:00+00:00,0,0,0.0,[]
2020-10-26 20:15:00+00:00,0,0,0.0,[]
2020-10-26 20:20:00+00:00,0,0,0.0,[]
2020-10-26 20:25:00+00:00,0,0,0.0,[]
2020-10-26 20:30:00+00:00,0,0,0.0,[]
2020-10-26 20:35:00+00:00,0,0,0.0,[]
2020-10-26 20:40:00+00:00,0,0,0.0,[]
2020-10-26 20:45:00+00:00,0,0,0.0,[]
2020-10-26 20:50:00+00:00,3110,0,1.0,[3110]
2020-10-26 20:55:00+00:00,0,0,0.0,[]
2020-10-26 21:00:00+00:00,0,0,0.0,[]
2020-10-26 21:05:00+00:00,0,0,0.0,[]
2020-10-26 21:10:00+00:00,0,0,0.0,[]
2020-10-26 21:15:00+00:00,300,0,1.0,[300]
2020-10-26 21:20:00+00:00,0,0,0.0,[]
2020-10-26 21:25:00+00:00,0,0,0.0,[]
2020-10-26 21:30:00+00:00,0,0,0.0,[]
2020-10-26 21:35:00+00:00,0,0,0.0,[]
2020-10-26 21:40:00+00:00,0,0,0.0,[]
2020-10-26 21:45:00+00:00,0,0,0.0,[]
2020-10-26 21:50:00+00:00,0,0,0.0,[]
2020-10-26 21:55:00+00:00,0,0,0.0,[]
2020-10-26 22:00:00+00:00,0,0,0.0,[]
2020-10-26 22:05:00+00:00,0,0,0.0,[]
2020-10-26 22:10:00+00:00,0,0,0.0,[]
2020-10-26 22:15:00+00:00,0,0,0.0,[]
2020-10-26 22:20:00+00:00,0,0,0.0,[]
2020-10-26 22:25:00+00:00,0,0,0.0,[]
2020-10-26 22:30:00+00:00,0,0,0.0,[]
2020-10-26 22:35:00+00:00,80,0,1.0,[80]
2020-10-26 22:40:00+00:00,0,0,0.0,[]
2020-10-26 22:45:00+00:00,0,0,0.0,[]
2020-10-26 22:50:00+00:00,0,0,0.0,[]
2020-10-26 22:55:00+00:00,0,0,0.0,[]
2020-10-26 23:00:00+00:00,0,0,0.0,[]
2020-10-26 23:05:00+00:00,0,0,0.0,[]
2020-10-26 23:10:00+00:00,0,0,0.0,[]
2020-10-26 23:15:00+00:00,0,0,0.0,[]
2020-10-26 23:20:00+00:00,0,0,0.0,[]
2020-10-26 23:25:00+00:00,0,0,0.0,[]
2020-10-26 23:30:00+00:00,0,0,0.0,[]
2020-10-26 23:35:00+00:00,0,0,0.0,[]
2020-10-26 23:40:00+00:00,0,0,0.0,[]
2020-10-26 23:45:00+00:00,0,0,0.0,[]
2020-10-26 23:50:00+00:00,0,0,0.0,[]
2020-10-26 23:55:00+00:00,0,0,0.0,[]
2020-10-27 00:00:00+00:00,0,0,0.0,[]
2020-10-27 00:05:00+00:00,3110,0,1.0,[3110]
2020-10-27 00:10:00+00:00,0,0,0.0,[]
2020-10-27 00:15:00+00:00,0,0,0.0,[]
2020-10-27 00:20:00+00:00,0,0,0.0,[]
2020-10-27 00:25:00+00:00,0,0,0.0,[]
2020-10-27 00:30:00+00:00,0,0,0.0,[]
2020-10-27 00:35:00+00:00,0,0,0.0,[]
2020-10-27 00:40:00+00:00,0,0,0.0,[]
2020-10-27 00:45:00+00:00,0,0,0.0,[]
2020-10-27 00:50:00+00:00,0,0,0.0,[]
2020-10-27 00:55:00+00:00,0,0,0.0,[]
2020-10-27 01:00:00+00:00,0,0,0.0,[]
2020-10-27 01:05:00+00:00,5410,0,1.0,[5410]
2020-10-27 01:10:00+00:00,0,0,0.0,[]
2020-10-27 01:15:00+00:00,0,0,0.0,[]
2020-10-27 01:20:00+00:00,0,0,0.0,[]
2020-10-27 01:25:00+00:00,0,0,0.0,[]
2020-10-27 01:30:00+00:00,0,0,0.0,[]
2020-10-27 01:35:00+00:00,0,0,0.0,[]
2020-10-27 01:40:00+00:00,0,0,0.0,[]
2020-10-27 01:45:00+00:00,0,0,0.0,[]
2020-10-27 01:50:00+00:00,0,0,0.0,[]
2020-10-27 01:55:00+00:00,20,0,1.0,[20]
2020-10-27 02:00:00+00:00,0,0,0.0,[]
2020-10-27 02:05:00+00:00,0,0,0.0,[]
2020-10-27 02:10:00+00:00,0,0,0.0,[]
2020-10-27 02:15:00+00:00,0,0,0.0,[]
2020-10-27 02:20:00+00:00,0,0,0.0,[]
2020-10-27 02:25:00+00:00,0,0,0.0,[]
2020-10-27 02:30:00+00:00,0,0,0.0,[]
2020-10-27 02:35:00+00:00,0,0,0.0,[]
2020-10-27 02:40:00+00:00,0,0,0.0,[]
2020-10-27 02:45:00+00:00,0,0,0.0,[]
2020-10-27 02:50:00+00:00,0,0,0.0,[]
2020-10-27 02:55:00+00:00,0,0,0.0,[]
2020-10-27 03:00:00+00:00,0,0,0.0,[]
2020-10-27 03:05:00+00:00,0,0,0.0,[]
2020-10-27 03:10:00+00:00,0,0,0.0,[]
2020-10-27 03:15:00+00:00,0,0,0.0,[]
2020-10-27 03:20:00+00:00,0,0,0.0,[]
2020-10-27 03:25:00+00:00,0,0,0.0,[]
2020-10-27 03:30:00+00:00,0,0,0.0,[]
2020-10-27 03:35:00+00:00,0,0,0.0,[]
2020-10-27 03:40:00+00:00,0,0,0.0,[]
2020-10-27 03:45:00+00:00,0,0,0.0,[]
2020-10-27 03:50:00+00:00,0,0,0.0,[]
2020-10-27 03:55:00+00:00,0,0,0.0,[]
2020-10-27 04:00:00+00:00,0,0,0.0,[]
2020-10-27 04:05:00+00:00,0,0,0.0,[]
2020-10-27 04:10:00+00:00,0,0,0.0,[]
2020-10-27 04:15:00+00:00,0,0,0.0,[]
2020-10-27 04:20:00+00:00,0,0,0.0,[]
2020-10-27 04:25:00+00:00,0,0,0.0,[]
2020-10-27 04:30:00+00:00,0,0,0.0,[]
2020-10-27 04:35:00+00:00,2330,0,1.0,[2330]
2020-10-27 04:40:00+00:00,0,0,0.0,[]
2020-10-27 04:45:00+00:00,0,0,0.0,[]
2020-10-27 04:50:00+00:00,0,0,0.0,[]
2020-10-27 04:55:00+00:00,0,0,0.0,[]
2020-10-27 05:00:00+00:00,0,0,0.0,[]
2020-10-27 05:05:00+00:00,1220,0,1.0,[1220]
2020-10-27 05:10:00+00:00,0,0,0.0,[]
2020-10-27 05:15:00+00:00,0,0,0.0,[]
2020-10-27 05:20:00+00:00,0,0,0.0,[]
2020-10-27 05:25:00+00:00,0,0,0.0,[]
2020-10-27 05:30:00+00:00,0,0,0.0,[]
2020-10-27 05:35:00+00:00,240,0,1.0,[240]
2020-10-27 05:40:00+00:00,0,0,0.0,[]
2020-10-27 05:45:00+00:00,0,0,0.0,[]
2020-10-27 05:50:00+00:00,0,0,0.0,[]
2020-10-27 05:55:00+00:00,0,0,0.0,[]
2020-10-27 06:00:00+00:00,0,0,0.0,[]
2020-10-27 06:05:00+00:00,0,0,0.0,[]
2020-10-27 06:10:00+00:00,0,0,0.0,[]
2020-10-27 06:15:00+00:00,0,0,0.0,[]
2020-10-27 06:20:00+00:00,0,0,0.0,[]
2020-10-27 06:25:00+00:00,22620,0,3.0,"[10580, 10580, 1460]"
2020-10-27 06:30:00+00:00,0,0,0.0,[]
2020-10-27 06:35:00+00:00,9030,0,1.0,[9030]
2020-10-27 06:40:00+00:00,470,0,1.0,[470]
2020-10-27 06:45:00+00:00,0,0,0.0,[]
2020-10-27 06:50:00+00:00,0,0,0.0,[]
2020-10-27 06:55:00+00:00,0,0,0.0,[]
2020-10-27 07:00:00+00:00,0,0,0.0,[]
2020-10-27 07:05:00+00:00,0,0,0.0,[]
2020-10-27 07:10:00+00:00,0,0,0.0,[]
2020-10-27 07:15:00+00:00,0,0,0.0,[]
2020-10-27 07:20:00+00:00,0,0,0.0,[]
2020-10-27 07:25:00+00:00,0,0,0.0,[]
2020-10-27 07:30:00+00:00,0,0,0.0,[]
2020-10-27 07:35:00+00:00,0,0,0.0,[]
2020-10-27 07:40:00+00:00,0,0,0.0,[]
2020-10-27 07:45:00+00:00,0,0,0.0,[]
2020-10-27 07:50:00+00:00,0,0,0.0,[]
2020-10-27 07:55:00+00:00,0,0,0.0,[]
2020-10-27 08:00:00+00:00,0,0,0.0,[]
2020-10-27 08:05:00+00:00,0,0,0.0,[]
2020-10-27 08:10:00+00:00,0,0,0.0,[]
2020-10-27 08:15:00+00:00,0,0,0.0,[]
2020-10-27 08:20:00+00:00,0,0,0.0,[]
2020-10-27 08:25:00+00:00,0,0,0.0,[]
2020-10-27 08:30:00+00:00,0,0,0.0,[]
2020-10-27 08:35:00+00:00,0,0,0.0,[]
2020-10-27 08:40:00+00:00,0,0,0.0,[]
2020-10-27 08:45:00+00:00,0,0,0.0,[]
2020-10-27 08:50:00+00:00,0,0,0.0,[]
2020-10-27 08:55:00+00:00,0,0,0.0,[]
2020-10-27 09:00:00+00:00,0,0,0.0,[]
2020-10-27 09:05:00+00:00,0,0,0.0,[]
2020-10-27 09:10:00+00:00,0,0,0.0,[]
2020-10-27 09:15:00+00:00,0,0,0.0,[]
2020-10-27 09:20:00+00:00,0,0,0.0,[]
2020-10-27 09:25:00+00:00,11720,0,1.0,[11720]
2020-10-27 09:30:00+00:00,0,0,0.0,[]
2020-10-27 09:35:00+00:00,0,0,0.0,[]
2020-10-27 09:40:00+00:00,0,0,0.0,[]
2020-10-27 09:45:00+00:00,0,0,0.0,[]
2020-10-27 09:50:00+00:00,0,0,0.0,[]
2020-10-27 09:55:00+00:00,0,0,0.0,[]
2020-10-27 10:00:00+00:00,0,0,0.0,[]
2020-10-27 10:05:00+00:00,0,0,0.0,[]
2020-10-27 10:10:00+00:00,0,0,0.0,[]
2020-10-27 10:15:00+00:00,0,0,0.0,[]
2020-10-27 10:20:00+00:00,0,0,0.0,[]
2020-10-27 10:25:00+00:00,0,0,0.0,[]
2020-10-27 10:30:00+00:00,0,0,0.0,[]
2020-10-27 10:35:00+00:00,0,0,0.0,[]
2020-10-27 10:40:00+00:00,0,0,0.0,[]
2020-10-27 10:45:00+00:00,0,0,0.0,[]
2020-10-27 10:50:00+00:00,0,0,0.0,[]
2020-10-27 10:55:00+00:00,0,0,0.0,[]
2020-10-27 11:00:00+00:00,0,0,0.0,[]
2020-10-27 11:05:00+00:00,0,0,0.0,[]
2020-10-27 11:10:00+00:00,0,0,0.0,[]
2020-10-27 11:15:00+00:00,0,0,0.0,[]
2020-10-27 11:20:00+00:00,0,0,0.0,[]
2020-10-27 11:25:00+00:00,0,0,0.0,[]
2020-10-27 11:30:00+00:00,0,0,0.0,[]
2020-10-27 11:35:00+00:00,0,0,0.0,[]
2020-10-27 11:40:00+00:00,0,0,0.0,[]
2020-10-27 11:45:00+00:00,0,0,0.0,[]
2020-10-27 11:50:00+00:00,0,0,0.0,[]
2020-10-27 11:55:00+00:00,0,0,0.0,[]
2020-10-27 12:00:00+00:00,0,0,0.0,[]
2020-10-27 12:05:00+00:00,0,0,0.0,[]
2020-10-27 12:10:00+00:00,0,0,0.0,[]
2020-10-27 12:15:00+00:00,0,0,0.0,[]
2020-10-27 12:20:00+00:00,0,0,0.0,[]
2020-10-27 12:25:00+00:00,0,0,0.0,[]
2020-10-27 12:30:00+00:00,0,0,0.0,[]
2020-10-27 12:35:00+00:00,0,0,0.0,[]
2020-10-27 12:40:00+00:00,0,0,0.0,[]
2020-10-27 12:45:00+00:00,0,0,0.0,[]
2020-10-27 12:50:00+00:00,0,0,0.0,[]
2020-10-27 12:55:00+00:00,0,0,0.0,[]
2020-10-27 13:00:00+00:00,0,0,0.0,[]
2020-10-27 13:05:00+00:00,0,0,0.0,[]
2020-10-27 13:10:00+00:00,0,0,0.0,[]
2020-10-27 13:15:00+00:00,890,0,1.0,[890]
2020-10-27 13:20:00+00:00,0,0,0.0,[]
2020-10-27 13:25:00+00:00,0,0,0.0,[]
2020-10-27 13:30:00+00:00,0,0,0.0,[]
2020-10-27 13:35:00+00:00,0,0,0.0,[]
2020-10-27 13:40:00+00:00,0,0,0.0,[]
2020-10-27 13:45:00+00:00,0,0,0.0,[]
2020-10-27 13:50:00+00:00,0,0,0.0,[]
2020-10-27 13:55:00+00:00,0,0,0.0,[]
2020-10-27 14:00:00+00:00,0,0,0.0,[]
2020-10-27 14:05:00+00:00,0,0,0.0,[]
2020-10-27 14:10:00+00:00,0,0,0.0,[]
2020-10-27 14:15:00+00:00,170,0,1.0,[170]
2020-10-27 14:20:00+00:00,0,0,0.0,[]
2020-10-27 14:25:00+00:00,0,0,0.0,[]
2020-10-27 14:30:00+00:00,0,0,0.0,[]
2020-10-27 14:35:00+00:00,0,0,0.0,[]
2020-10-27 14:40:00+00:00,0,0,0.0,[]
2020-10-27 14:45:00+00:00,0,0,0.0,[]
2020-10-27 14:50:00+00:00,0,0,0.0,[]
2020-10-27 14:55:00+00:00,130,0,1.0,[130]
2020-10-27 15:00:00+00:00,0,0,0.0,[]
2020-10-27 15:05:00+00:00,0,0,0.0,[]
2020-10-27 15:10:00+00:00,0,0,0.0,[]
2020-10-27 15:15:00+00:00,0,0,0.0,[]
2020-10-27 15:20:00+00:00,0,0,0.0,[]
2020-10-27 15:25:00+00:00,0,0,0.0,[]
2020-10-27 15:30:00+00:00,0,0,0.0,[]
2020-10-27 15:35:00+00:00,0,0,0.0,[]
2020-10-27 15:40:00+00:00,0,0,0.0,[]
2020-10-27 15:45:00+00:00,0,0,0.0,[]
2020-10-27 15:50:00+00:00,0,0,0.0,[]
2020-10-27 15:55:00+00:00,0,0,0.0,[]
2020-10-27 16:00:00+00:00,0,0,0.0,[]
2020-10-27 16:05:00+00:00,0,0,0.0,[]
2020-10-27 16:10:00+00:00,0,0,0.0,[]
2020-10-27 16:15:00+00:00,0,0,0.0,[]
2020-10-27 16:20:00+00:00,0,0,0.0,[]
2020-10-27 16:25:00+00:00,0,0,0.0,[]
2020-10-27 16:30:00+00:00,0,0,0.0,[]
2020-10-27 16:35:00+00:00,0,0,0.0,[]
2020-10-27 16:40:00+00:00,0,0,0.0,[]
2020-10-27 16:45:00+00:00,0,0,0.0,[]
2020-10-27 16:50:00+00:00,0,0,0.0,[]
2020-10-27 16:55:00+00:00,0,0,0.0,[]
2020-10-27 17:00:00+00:00,0,0,0.0,[]
2020-10-27 17:05:00+00:00,0,0,0.0,[]
2020-10-27 17:10:00+00:00,0,0,0.0,[]
2020-10-27 17:15:00+00:00,0,0,0.0,[]
2020-10-27 17:20:00+00:00,0,0,0.0,[]
2020-10-27 17:25:00+00:00,0,0,0.0,[]
2020-10-27 17:30:00+00:00,0,0,0.0,[]
2020-10-27 17:35:00+00:00,0,0,0.0,[]
2020-10-27 17:40:00+00:00,0,0,0.0,[]
2020-10-27 17:45:00+00:00,0,0,0.0,[]
2020-10-27 17:50:00+00:00,0,0,0.0,[]
2020-10-27 17:55:00+00:00,0,0,0.0,[]
2020-10-27 18:00:00+00:00,0,0,0.0,[]
2020-10-27 18:05:00+00:00,0,0,0.0,[]
2020-10-27 18:10:00+00:00,0,0,0.0,[]
2020-10-27 18:15:00+00:00,0,0,0.0,[]
2020-10-27 18:20:00+00:00,0,0,0.0,[]
2020-10-27 18:25:00+00:00,0,0,0.0,[]
2020-10-27 18:30:00+00:00,0,0,0.0,[]
2020-10-27 18:35:00+00:00,0,0,0.0,[]
2020-10-27 18:40:00+00:00,0,0,0.0,[]
2020-10-27 18:45:00+00:00,0,0,0.0,[]
2020-10-27 18:50:00+00:00,0,0,0.0,[]
2020-10-27 18:55:00+00:00,0,0,0.0,[]
2020-10-27 19:00:00+00:00,0,0,0.0,[]
2020-10-27 19:05:00+00:00,0,0,0.0,[]
2020-10-27 19:10:00+00:00,0,0,0.0,[]
2020-10-27 19:15:00+00:00,0,0,0.0,[]
2020-10-27 19:20:00+00:00,0,0,0.0,[]
2020-10-27 19:25:00+00:00,0,0,0.0,[]
2020-10-27 19:30:00+00:00,0,0,0.0,[]
2020-10-27 19:35:00+00:00,0,0,0.0,[]
2020-10-27 19:40:00+00:00,3110,0,1.0,[3110]
2020-10-27 19:45:00+00:00,0,0,0.0,[]
2020-10-27 19:50:00+00:00,0,0,0.0,[]
2020-10-27 19:55:00+00:00,0,0,0.0,[]
2020-10-27 20:00:00+00:00,0,0,0.0,[]
2020-10-27 20:05:00+00:00,0,0,0.0,[]
2020-10-27 20:10:00+00:00,0,0,0.0,[]
2020-10-27 20:15:00+00:00,0,0,0.0,[]
2020-10-27 20:20:00+00:00,0,0,0.0,[]
2020-10-27 20:25:00+00:00,0,0,0.0,[]
2020-10-27 20:30:00+00:00,590,0,1.0,[590]
2020-10-27 20:35:00+00:00,0,0,0.0,[]
2020-10-27 20:40:00+00:00,0,0,0.0,[]
2020-10-27 20:45:00+00:00,0,0,0.0,[]
2020-10-27 20:50:00+00:00,0,0,0.0,[]
2020-10-27 20:55:00+00:00,0,0,0.0,[]
2020-10-27 21:00:00+00:00,0,0,0.0,[]
2020-10-27 21:05:00+00:00,0,0,0.0,[]
2020-10-27 21:10:00+00:00,0,0,0.0,[]
2020-10-27 21:15:00+00:00,0,0,0.0,[]
2020-10-27 21:20:00+00:00,0,0,0.0,[]
2020-10-27 21:25:00+00:00,0,0,0.0,[]
2020-10-27 21:30:00+00:00,0,0,0.0,[]
2020-10-27 21:35:00+00:00,0,0,0.0,[]
2020-10-27 21:40:00+00:00,0,0,0.0,[]
2020-10-27 21:45:00+00:00,0,0,0.0,[]
2020-10-27 21:50:00+00:00,0,0,0.0,[]
2020-10-27 21:55:00+00:00,0,0,0.0,[]
2020-10-27 22:00:00+00:00,0,0,0.0,[]
2020-10-27 22:05:00+00:00,0,0,0.0,[]
2020-10-27 22:10:00+00:00,0,0,0.0,[]
2020-10-27 22:15:00+00:00,0,0,0.0,[]
2020-10-27 22:20:00+00:00,0,0,0.0,[]
2020-10-27 22:25:00+00:00,0,0,0.0,[]
2020-10-27 22:30:00+00:00,0,0,0.0,[]
2020-10-27 22:35:00+00:00,0,0,0.0,[]
2020-10-27 22:40:00+00:00,10,0,1.0,[10]
2020-10-27 22:45:00+00:00,0,0,0.0,[]
2020-10-27 22:50:00+00:00,0,0,0.0,[]
2020-10-27 22:55:00+00:00,0,0,0.0,[]
2020-10-27 23:00:00+00:00,0,0,0.0,[]
2020-10-27 23:05:00+00:00,0,0,0.0,[]
2020-10-27 23:10:00+00:00,0,0,0.0,[]
2020-10-27 23:15:00+00:00,0,0,0.0,[]
2020-10-27 23:20:00+00:00,0,0,0.0,[]
2020-10-27 23:25:00+00:00,0,0,0.0,[]
2020-10-27 23:30:00+00:00,0,0,0.0,[]
2020-10-27 23:35:00+00:00,0,0,0.0,[]
2020-10-27 23:40:00+00:00,0,0,0.0,[]
2020-10-27 23:45:00+00:00,0,0,0.0,[]
2020-10-27 23:50:00+00:00,0,0,0.0,[]
2020-10-27 23:55:00+00:00,0,0,0.0,[]
2020-10-28 00:00:00+00:00,0,0,0.0,[]
2020-10-28 00:05:00+00:00,0,0,0.0,[]
2020-10-28 00:10:00+00:00,0,0,0.0,[]
2020-10-28 00:15:00+00:00,0,0,0.0,[]
2020-10-28 00:20:00+00:00,0,0,0.0,[]
2020-10-28 00:25:00+00:00,0,0,0.0,[]
2020-10-28 00:30:00+00:00,0,0,0.0,[]
2020-10-28 00:35:00+00:00,0,0,0.0,[]
2020-10-28 00:40:00+00:00,0,0,0.0,[]
2020-10-28 00:45:00+00:00,0,0,0.0,[]
2020-10-28 00:50:00+00:00,0,0,0.0,[]
2020-10-28 00:55:00+00:00,0,0,0.0,[]
2020-10-28 01:00:00+00:00,0,0,0.0,[]
2020-10-28 01:05:00+00:00,0,0,0.0,[]
2020-10-28 01:10:00+00:00,3110,0,1.0,[3110]
2020-10-28 01:15:00+00:00,0,0,0.0,[]
2020-10-28 01:20:00+00:00,0,0,0.0,[]
2020-10-28 01:25:00+00:00,0,0,0.0,[]
2020-10-28 01:30:00+00:00,0,0,0.0,[]
2020-10-28 01:35:00+00:00,0,0,0.0,[]
2020-10-28 01:40:00+00:00,0,0,0.0,[]
2020-10-28 01:45:00+00:00,0,0,0.0,[]
2020-10-28 01:50:00+00:00,0,0,0.0,[]
2020-10-28 01:55:00+00:00,0,0,0.0,[]
2020-10-28 02:00:00+00:00,0,0,0.0,[]
2020-10-28 02:05:00+00:00,0,0,0.0,[]
2020-10-28 02:10:00+00:00,0,0,0.0,[]
2020-10-28 02:15:00+00:00,0,0,0.0,[]
2020-10-28 02:20:00+00:00,0,0,0.0,[]
2020-10-28 02:25:00+00:00,0,0,0.0,[]
2020-10-28 02:30:00+00:00,0,0,0.0,[]
2020-10-28 02:35:00+00:00,0,0,0.0,[]
2020-10-28 02:40:00+00:00,0,0,0.0,[]
2020-10-28 02:45:00+00:00,0,0,0.0,[]
2020-10-28 02:50:00+00:00,0,0,0.0,[]
2020-10-28 02:55:00+00:00,0,0,0.0,[]
2020-10-28 03:00:00+00:00,0,0,0.0,[]
2020-10-28 03:05:00+00:00,0,0,0.0,[]
2020-10-28 03:10:00+00:00,0,0,0.0,[]
2020-10-28 03:15:00+00:00,0,0,0.0,[]
2020-10-28 03:20:00+00:00,0,0,0.0,[]
2020-10-28 03:25:00+00:00,0,0,0.0,[]
2020-10-28 03:30:00+00:00,140,0,1.0,[140]
2020-10-28 03:35:00+00:00,0,0,0.0,[]
2020-10-28 03:40:00+00:00,0,0,0.0,[]
2020-10-28 03:45:00+00:00,0,0,0.0,[]
2020-10-28 03:50:00+00:00,0,0,0.0,[]
2020-10-28 03:55:00+00:00,0,0,0.0,[]
2020-10-28 04:00:00+00:00,0,0,0.0,[]
2020-10-28 04:05:00+00:00,0,0,0.0,[]
2020-10-28 04:10:00+00:00,0,0,0.0,[]
2020-10-28 04:15:00+00:00,0,0,0.0,[]
2020-10-28 04:20:00+00:00,0,0,0.0,[]
2020-10-28 04:25:00+00:00,0,0,0.0,[]
2020-10-28 04:30:00+00:00,0,0,0.0,[]
2020-10-28 04:35:00+00:00,0,0,0.0,[]
2020-10-28 04:40:00+00:00,0,0,0.0,[]
2020-10-28 04:45:00+00:00,0,0,0.0,[]
2020-10-28 04:50:00+00:00,0,0,0.0,[]
2020-10-28 04:55:00+00:00,0,0,0.0,[]
2020-10-28 05:00:00+00:00,0,0,0.0,[]
2020-10-28 05:05:00+00:00,0,0,0.0,[]
2020-10-28 05:10:00+00:00,0,0,0.0,[]
2020-10-28 05:15:00+00:00,0,0,0.0,[]
2020-10-28 05:20:00+00:00,0,0,0.0,[]
2020-10-28 05:25:00+00:00,0,0,0.0,[]
2020-10-28 05:30:00+00:00,0,0,0.0,[]
2020-10-28 05:35:00+00:00,0,0,0.0,[]
2020-10-28 05:40:00+00:00,0,0,0.0,[]
2020-10-28 05:45:00+00:00,0,0,0.0,[]
2020-10-28 05:50:00+00:00,0,0,0.0,[]
2020-10-28 05:55:00+00:00,0,0,0.0,[]
2020-10-28 06:00:00+00:00,0,0,0.0,[]
2020-10-28 06:05:00+00:00,0,0,0.0,[]
2020-10-28 06:10:00+00:00,0,0,0.0,[]
2020-10-28 06:15:00+00:00,0,0,0.0,[]
2020-10-28 06:20:00+00:00,0,0,0.0,[]
2020-10-28 06:25:00+00:00,0,0,0.0,[]
2020-10-28 06:30:00+00:00,3220,0,1.0,[3220]
2020-10-28 06:35:00+00:00,0,0,0.0,[]
2020-10-28 06:40:00+00:00,0,0,0.0,[]
2020-10-28 06:45:00+00:00,0,0,0.0,[]
2020-10-28 06:50:00+00:00,0,0,0.0,[]
2020-10-28 06:55:00+00:00,0,0,0.0,[]
2020-10-28 07:00:00+00:00,0,0,0.0,[]
2020-10-28 07:05:00+00:00,0,0,0.0,[]
2020-10-28 07:10:00+00:00,0,0,0.0,[]
2020-10-28 07:15:00+00:00,0,0,0.0,[]
2020-10-28 07:20:00+00:00,0,0,0.0,[]
2020-10-28 07:25:00+00:00,0,0,0.0,[]
2020-10-28 07:30:00+00:00,0,0,0.0,[]
2020-10-28 07:35:00+00:00,0,0,0.0,[]
2020-10-28 07:40:00+00:00,0,0,0.0,[]
2020-10-28 07:45:00+00:00,0,0,0.0,[]
2020-10-28 07:50:00+00:00,0,0,0.0,[]
2020-10-28 07:55:00+00:00,0,0,0.0,[]
2020-10-28 08:00:00+00:00,0,0,0.0,[]
2020-10-28 08:05:00+00:00,0,0,0.0,[]
2020-10-28 08:10:00+00:00,0,0,0.0,[]
2020-10-28 08:15:00+00:00,0,0,0.0,[]
2020-10-28 08:20:00+00:00,0,0,0.0,[]
2020-10-28 08:25:00+00:00,0,0,0.0,[]
2020-10-28 08:30:00+00:00,0,0,0.0,[]
2020-10-28 08:35:00+00:00,0,0,0.0,[]
2020-10-28 08:40:00+00:00,0,0,0.0,[]
2020-10-28 08:45:00+00:00,0,0,0.0,[]
2020-10-28 08:50:00+00:00,0,0,0.0,[]
2020-10-28 08:55:00+00:00,0,0,0.0,[]
2020-10-28 09:00:00+00:00,0,0,0.0,[]
2020-10-28 09:05:00+00:00,0,0,0.0,[]
2020-10-28 09:10:00+00:00,0,0,0.0,[]
2020-10-28 09:15:00+00:00,0,0,0.0,[]
2020-10-28 09:20:00+00:00,0,0,0.0,[]
2020-10-28 09:25:00+00:00,0,0,0.0,[]
2020-10-28 09:30:00+00:00,0,0,0.0,[]
2020-10-28 09:35:00+00:00,0,0,0.0,[]
2020-10-28 09:40:00+00:00,0,0,0.0,[]
2020-10-28 09:45:00+00:00,0,0,0.0,[]
2020-10-28 09:50:00+00:00,0,0,0.0,[]
2020-10-28 09:55:00+00:00,0,0,0.0,[]
2020-10-28 10:00:00+00:00,0,0,0.0,[]
2020-10-28 10:05:00+00:00,0,0,0.0,[]
2020-10-28 10:10:00+00:00,0,0,0.0,[]
2020-10-28 10:15:00+00:00,0,0,0.0,[]
2020-10-28 10:20:00+00:00,0,0,0.0,[]
2020-10-28 10:25:00+00:00,0,0,0.0,[]
2020-10-28 10:30:00+00:00,0,0,0.0,[]
2020-10-28 10:35:00+00:00,0,0,0.0,[]
2020-10-28 10:40:00+00:00,0,0,0.0,[]
2020-10-28 10:45:00+00:00,0,0,0.0,[]
2020-10-28 10:50:00+00:00,0,0,0.0,[]
2020-10-28 10:55:00+00:00,0,0,0.0,[]
2020-10-28 11:00:00+00:00,0,0,0.0,[]
2020-10-28 11:05:00+00:00,0,0,0.0,[]
2020-10-28 11:10:00+00:00,0,0,0.0,[]
2020-10-28 11:15:00+00:00,0,0,0.0,[]
2020-10-28 11:20:00+00:00,0,0,0.0,[]
2020-10-28 11:25:00+00:00,0,0,0.0,[]
2020-10-28 11:30:00+00:00,0,0,0.0,[]
2020-10-28 11:35:00+00:00,0,0,0.0,[]
2020-10-28 11:40:00+00:00,0,0,0.0,[]
2020-10-28 11:45:00+00:00,0,0,0.0,[]
2020-10-28 11:50:00+00:00,0,0,0.0,[]
2020-10-28 11:55:00+00:00,2210,0,1.0,[2210]
2020-10-28 12:00:00+00:00,0,0,0.0,[]
2020-10-28 12:05:00+00:00,0,0,0.0,[]
2020-10-28 12:10:00+00:00,0,0,0.0,[]
2020-10-28 12:15:00+00:00,0,0,0.0,[]
2020-10-28 12:20:00+00:00,0,0,0.0,[]
2020-10-28 12:25:00+00:00,0,0,0.0,[]
2020-10-28 12:30:00+00:00,0,0,0.0,[]
2020-10-28 12:35:00+00:00,0,0,0.0,[]
2020-10-28 12:40:00+00:00,0,0,0.0,[]
2020-10-28 12:45:00+00:00,0,0,0.0,[]
2020-10-28 12:50:00+00:00,0,0,0.0,[]
2020-10-28 12:55:00+00:00,0,0,0.0,[]
2020-10-28 13:00:00+00:00,0,0,0.0,[]
2020-10-28 13:05:00+00:00,0,0,0.0,[]
2020-10-28 13:10:00+00:00,0,0,0.0,[]
2020-10-28 13:15:00+00:00,0,0,0.0,[]
2020-10-28 13:20:00+00:00,0,0,0.0,[]
2020-10-28 13:25:00+00:00,0,0,0.0,[]
2020-10-28 13:30:00+00:00,0,0,0.0,[]
2020-10-28 13:35:00+00:00,0,0,0.0,[]
2020-10-28 13:40:00+00:00,0,0,0.0,[]
2020-10-28 13:45:00+00:00,0,0,0.0,[]
2020-10-28 13:50:00+00:00,0,0,0.0,[]
2020-10-28 13:55:00+00:00,0,0,0.0,[]
2020-10-28 14:00:00+00:00,0,0,0.0,[]
2020-10-28 14:05:00+00:00,50,0,1.0,[50]
2020-10-28 14:10:00+00:00,100,0,1.0,[100]
2020-10-28 14:15:00+00:00,0,0,0.0,[]
2020-10-28 14:20:00+00:00,0,0,0.0,[]
2020-10-28 14:25:00+00:00,0,0,0.0,[]
2020-10-28 14:30:00+00:00,0,0,0.0,[]
2020-10-28 14:35:00+00:00,0,0,0.0,[]
2020-10-28 14:40:00+00:00,0,0,0.0,[]
2020-10-28 14:45:00+00:00,0,0,0.0,[]
2020-10-28 14:50:00+00:00,0,0,0.0,[]
2020-10-28 14:55:00+00:00,0,0,0.0,[]
2020-10-28 15:00:00+00:00,0,0,0.0,[]
2020-10-28 15:05:00+00:00,0,0,0.0,[]
2020-10-28 15:10:00+00:00,0,0,0.0,[]
2020-10-28 15:15:00+00:00,0,0,0.0,[]
2020-10-28 15:20:00+00:00,0,0,0.0,[]
2020-10-28 15:25:00+00:00,0,0,0.0,[]
2020-10-28 15:30:00+00:00,0,0,0.0,[]
2020-10-28 15:35:00+00:00,0,0,0.0,[]
2020-10-28 15:40:00+00:00,0,0,0.0,[]
2020-10-28 15:45:00+00:00,0,0,0.0,[]
2020-10-28 15:50:00+00:00,0,0,0.0,[]
2020-10-28 15:55:00+00:00,0,0,0.0,[]
2020-10-28 16:00:00+00:00,0,0,0.0,[]
2020-10-28 16:05:00+00:00,0,0,0.0,[]
2020-10-28 16:10:00+00:00,0,0,0.0,[]
2020-10-28 16:15:00+00:00,0,0,0.0,[]
2020-10-28 16:20:00+00:00,0,0,0.0,[]
2020-10-28 16:25:00+00:00,0,0,0.0,[]
2020-10-28 16:30:00+00:00,0,0,0.0,[]
2020-10-28 16:35:00+00:00,0,0,0.0,[]
2020-10-28 16:40:00+00:00,0,0,0.0,[]
2020-10-28 16:45:00+00:00,0,0,0.0,[]
2020-10-28 16:50:00+00:00,0,0,0.0,[]
2020-10-28 16:55:00+00:00,0,0,0.0,[]
2020-10-28 17:00:00+00:00,0,0,0.0,[]
2020-10-28 17:05:00+00:00,0,0,0.0,[]
2020-10-28 17:10:00+00:00,0,0,0.0,[]
2020-10-28 17:15:00+00:00,0,0,0.0,[]
2020-10-28 17:20:00+00:00,0,0,0.0,[]
2020-10-28 17:25:00+00:00,0,0,0.0,[]
2020-10-28 17:30:00+00:00,0,0,0.0,[]
2020-10-28 17:35:00+00:00,0,0,0.0,[]
2020-10-28 17:40:00+00:00,0,0,0.0,[]
2020-10-28 17:45:00+00:00,0,0,0.0,[]
2020-10-28 17:50:00+00:00,0,0,0.0,[]
2020-10-28 17:55:00+00:00,0,0,0.0,[]
2020-10-28 18:00:00+00:00,0,0,0.0,[]
2020-10-28 18:05:00+00:00,0,0,0.0,[]
2020-10-28 18:10:00+00:00,0,0,0.0,[]
2020-10-28 18:15:00+00:00,0,0,0.0,[]
2020-10-28 18:20:00+00:00,0,0,0.0,[]
2020-10-28 18:25:00+00:00,0,0,0.0,[]
2020-10-28 18:30:00+00:00,0,0,0.0,[]
2020-10-28 18:35:00+00:00,0,0,0.0,[]
2020-10-28 18:40:00+00:00,0,0,0.0,[]
2020-10-28 18:45:00+00:00,0,0,0.0,[]
2020-10-28 18:50:00+00:00,0,0,0.0,[]
2020-10-28 18:55:00+00:00,0,0,0.0,[]
2020-10-28 19:00:00+00:00,0,0,0.0,[]
2020-10-28 19:05:00+00:00,0,0,0.0,[]
2020-10-28 19:10:00+00:00,0,0,0.0,[]
2020-10-28 19:15:00+00:00,0,0,0.0,[]
2020-10-28 19:20:00+00:00,0,0,0.0,[]
2020-10-28 19:25:00+00:00,0,0,0.0,[]
2020-10-28 19:30:00+00:00,0,0,0.0,[]
2020-10-28 19:35:00+00:00,0,0,0.0,[]
2020-10-28 19:40:00+00:00,0,0,0.0,[]
2020-10-28 19:45:00+00:00,0,0,0.0,[]
2020-10-28 19:50:00+00:00,0,0,0.0,[]
2020-10-28 19:55:00+00:00,0,0,0.0,[]
2020-10-28 20:00:00+00:00,0,0,0.0,[]
2020-10-28 20:05:00+00:00,0,0,0.0,[]
2020-10-28 20:10:00+00:00,0,0,0.0,[]
2020-10-28 20:15:00+00:00,0,0,0.0,[]
2020-10-28 20:20:00+00:00,0,0,0.0,[]
2020-10-28 20:25:00+00:00,0,0,0.0,[]
2020-10-28 20:30:00+00:00,0,0,0.0,[]
2020-10-28 20:35:00+00:00,0,0,0.0,[]
2020-10-28 20:40:00+00:00,0,0,0.0,[]
2020-10-28 20:45:00+00:00,0,0,0.0,[]
2020-10-28 20:50:00+00:00,0,0,0.0,[]
2020-10-28 20:55:00+00:00,0,0,0.0,[]
2020-10-28 21:00:00+00:00,0,0,0.0,[]
2020-10-28 21:05:00+00:00,0,0,0.0,[]
2020-10-28 21:10:00+00:00,0,0,0.0,[]
2020-10-28 21:15:00+00:00,0,0,0.0,[]
2020-10-28 21:20:00+00:00,0,0,0.0,[]
2020-10-28 21:25:00+00:00,0,0,0.0,[]
2020-10-28 21:30:00+00:00,0,0,0.0,[]
2020-10-28 21:35:00+00:00,0,0,0.0,[]
2020-10-28 21:40:00+00:00,0,0,0.0,[]
2020-10-28 21:45:00+00:00,0,0,0.0,[]
2020-10-28 21:50:00+00:00,0,0,0.0,[]
2020-10-28 21:55:00+00:00,0,0,0.0,[]
2020-10-28 22:00:00+00:00,0,0,0.0,[]
2020-10-28 22:05:00+00:00,0,0,0.0,[]
2020-10-28 22:10:00+00:00,0,0,0.0,[]
2020-10-28 22:15:00+00:00,0,0,0.0,[]
2020-10-28 22:20:00+00:00,0,0,0.0,[]
2020-10-28 22:25:00+00:00,0,0,0.0,[]
2020-10-28 22:30:00+00:00,0,0,0.0,[]
2020-10-28 22:35:00+00:00,0,0,0.0,[]
2020-10-28 22:40:00+00:00,0,0,0.0,[]
2020-10-28 22:45:00+00:00,0,0,0.0,[]
2020-10-28 22:50:00+00:00,0,0,0.0,[]
2020-10-28 22:55:00+00:00,0,0,0.0,[]
2020-10-28 23:00:00+00:00,0,0,0.0,[]
2020-10-28 23:05:00+00:00,0,0,0.0,[]
2020-10-28 23:10:00+00:00,0,0,0.0,[]
2020-10-28 23:15:00+00:00,0,0,0.0,[]
2020-10-28 23:20:00+00:00,0,0,0.0,[]
2020-10-28 23:25:00+00:00,0,0,0.0,[]
2020-10-28 23:30:00+00:00,0,0,0.0,[]
2020-10-28 23:35:00+00:00,0,0,0.0,[]
2020-10-28 23:40:00+00:00,0,0,0.0,[]
2020-10-28 23:45:00+00:00,0,0,0.0,[]
2020-10-28 23:50:00+00:00,3270,0,1.0,[3270]
2020-10-28 23:55:00+00:00,0,0,0.0,[]
2020-10-29 00:00:00+00:00,0,0,0.0,[]
2020-10-29 00:05:00+00:00,0,0,0.0,[]
2020-10-29 00:10:00+00:00,0,0,0.0,[]
2020-10-29 00:15:00+00:00,0,0,0.0,[]
2020-10-29 00:20:00+00:00,0,0,0.0,[]
2020-10-29 00:25:00+00:00,0,0,0.0,[]
2020-10-29 00:30:00+00:00,0,0,0.0,[]
2020-10-29 00:35:00+00:00,0,0,0.0,[]
2020-10-29 00:40:00+00:00,40,0,1.0,[40]
2020-10-29 00:45:00+00:00,0,0,0.0,[]
2020-10-29 00:50:00+00:00,0,0,0.0,[]
2020-10-29 00:55:00+00:00,0,0,0.0,[]
2020-10-29 01:00:00+00:00,0,0,0.0,[]
2020-10-29 01:05:00+00:00,0,0,0.0,[]
2020-10-29 01:10:00+00:00,0,0,0.0,[]
2020-10-29 01:15:00+00:00,0,0,0.0,[]
2020-10-29 01:20:00+00:00,0,0,0.0,[]
2020-10-29 01:25:00+00:00,0,0,0.0,[]
2020-10-29 01:30:00+00:00,0,0,0.0,[]
2020-10-29 01:35:00+00:00,0,0,0.0,[]
2020-10-29 01:40:00+00:00,0,0,0.0,[]
2020-10-29 01:45:00+00:00,0,0,0.0,[]
2020-10-29 01:50:00+00:00,0,0,0.0,[]
2020-10-29 01:55:00+00:00,0,0,0.0,[]
2020-10-29 02:00:00+00:00,0,0,0.0,[]
2020-10-29 02:05:00+00:00,0,0,0.0,[]
2020-10-29 02:10:00+00:00,0,0,0.0,[]
2020-10-29 02:15:00+00:00,0,0,0.0,[]
2020-10-29 02:20:00+00:00,0,0,0.0,[]
2020-10-29 02:25:00+00:00,0,0,0.0,[]
2020-10-29 02:30:00+00:00,0,0,0.0,[]
2020-10-29 02:35:00+00:00,0,0,0.0,[]
2020-10-29 02:40:00+00:00,0,0,0.0,[]
2020-10-29 02:45:00+00:00,0,0,0.0,[]
2020-10-29 02:50:00+00:00,0,0,0.0,[]
2020-10-29 02:55:00+00:00,0,0,0.0,[]
2020-10-29 03:00:00+00:00,0,0,0.0,[]
2020-10-29 03:05:00+00:00,0,0,0.0,[]
2020-10-29 03:10:00+00:00,0,0,0.0,[]
2020-10-29 03:15:00+00:00,0,0,0.0,[]
2020-10-29 03:20:00+00:00,0,0,0.0,[]
2020-10-29 03:25:00+00:00,0,0,0.0,[]
2020-10-29 03:30:00+00:00,0,0,0.0,[]
2020-10-29 03:35:00+00:00,0,0,0.0,[]
2020-10-29 03:40:00+00:00,0,0,0.0,[]
2020-10-29 03:45:00+00:00,0,0,0.0,[]
2020-10-29 03:50:00+00:00,0,0,0.0,[]
2020-10-29 03:55:00+00:00,0,0,0.0,[]
2020-10-29 04:00:00+00:00,0,0,0.0,[]
2020-10-29 04:05:00+00:00,0,0,0.0,[]
2020-10-29 04:10:00+00:00,0,0,0.0,[]
2020-10-29 04:15:00+00:00,0,0,0.0,[]
2020-10-29 04:20:00+00:00,0,0,0.0,[]
2020-10-29 04:25:00+00:00,0,0,0.0,[]
2020-10-29 04:30:00+00:00,0,0,0.0,[]
2020-10-29 04:35:00+00:00,0,0,0.0,[]
2020-10-29 04:40:00+00:00,0,0,0.0,[]
2020-10-29 04:45:00+00:00,0,0,0.0,[]
2020-10-29 04:50:00+00:00,0,0,0.0,[]
2020-10-29 04:55:00+00:00,0,0,0.0,[]
2020-10-29 05:00:00+00:00,0,0,0.0,[]
2020-10-29 05:05:00+00:00,0,0,0.0,[]
2020-10-29 05:10:00+00:00,0,0,0.0,[]
2020-10-29 05:15:00+00:00,0,0,0.0,[]
2020-10-29 05:20:00+00:00,0,0,0.0,[]
2020-10-29 05:25:00+00:00,0,0,0.0,[]
2020-10-29 05:30:00+00:00,0,0,0.0,[]
2020-10-29 05:35:00+00:00,0,0,0.0,[]
2020-10-29 05:40:00+00:00,0,0,0.0,[]
2020-10-29 05:45:00+00:00,0,0,0.0,[]
2020-10-29 05:50:00+00:00,0,0,0.0,[]
2020-10-29 05:55:00+00:00,0,0,0.0,[]
2020-10-29 06:00:00+00:00,0,0,0.0,[]
2020-10-29 06:05:00+00:00,0,0,0.0,[]
2020-10-29 06:10:00+00:00,0,0,0.0,[]
2020-10-29 06:15:00+00:00,0,0,0.0,[]
2020-10-29 06:20:00+00:00,0,0,0.0,[]
2020-10-29 06:25:00+00:00,0,0,0.0,[]
2020-10-29 06:30:00+00:00,0,0,0.0,[]
2020-10-29 06:35:00+00:00,0,0,0.0,[]
2020-10-29 06:40:00+00:00,0,0,0.0,[]
2020-10-29 06:45:00+00:00,0,0,0.0,[]
2020-10-29 06:50:00+00:00,0,0,0.0,[]
2020-10-29 06:55:00+00:00,0,0,0.0,[]
2020-10-29 07:00:00+00:00,0,0,0.0,[]
2020-10-29 07:05:00+00:00,0,0,0.0,[]
2020-10-29 07:10:00+00:00,0,0,0.0,[]
2020-10-29 07:15:00+00:00,0,0,0.0,[]
2020-10-29 07:20:00+00:00,0,0,0.0,[]
2020-10-29 07:25:00+00:00,0,0,0.0,[]
2020-10-29 07:30:00+00:00,0,0,0.0,[]
2020-10-29 07:35:00+00:00,0,0,0.0,[]
2020-10-29 07:40:00+00:00,0,0,0.0,[]
2020-10-29 07:45:00+00:00,0,0,0.0,[]
2020-10-29 07:50:00+00:00,0,0,0.0,[]
2020-10-29 07:55:00+00:00,0,0,0.0,[]
2020-10-29 08:00:00+00:00,0,0,0.0,[]
2020-10-29 08:05:00+00:00,0,0,0.0,[]
2020-10-29 08:10:00+00:00,0,0,0.0,[]
2020-10-29 08:15:00+00:00,0,0,0.0,[]
2020-10-29 08:20:00+00:00,0,0,0.0,[]
2020-10-29 08:25:00+00:00,0,0,0.0,[]
2020-10-29 08:30:00+00:00,0,0,0.0,[]
2020-10-29 08:35:00+00:00,0,0,0.0,[]
2020-10-29 08:40:00+00:00,0,0,0.0,[]
2020-10-29 08:45:00+00:00,0,0,0.0,[]
2020-10-29 08:50:00+00:00,0,0,0.0,[]
2020-10-29 08:55:00+00:00,0,0,0.0,[]
2020-10-29 09:00:00+00:00,0,0,0.0,[]
2020-10-29 09:05:00+00:00,0,0,0.0,[]
2020-10-29 09:10:00+00:00,0,0,0.0,[]
2020-10-29 09:15:00+00:00,0,0,0.0,[]
2020-10-29 09:20:00+00:00,0,0,0.0,[]
2020-10-29 09:25:00+00:00,0,0,0.0,[]
2020-10-29 09:30:00+00:00,0,0,0.0,[]
2020-10-29 09:35:00+00:00,0,0,0.0,[]
2020-10-29 09:40:00+00:00,0,0,0.0,[]
2020-10-29 09:45:00+00:00,0,0,0.0,[]
2020-10-29 09:50:00+00:00,0,0,0.0,[]
2020-10-29 09:55:00+00:00,0,0,0.0,[]
2020-10-29 10:00:00+00:00,0,0,0.0,[]
2020-10-29 10:05:00+00:00,0,0,0.0,[]
2020-10-29 10:10:00+00:00,0,0,0.0,[]
2020-10-29 10:15:00+00:00,0,0,0.0,[]
2020-10-29 10:20:00+00:00,0,0,0.0,[]
2020-10-29 10:25:00+00:00,0,0,0.0,[]
2020-10-29 10:30:00+00:00,0,0,0.0,[]
2020-10-29 10:35:00+00:00,0,0,0.0,[]
2020-10-29 10:40:00+00:00,0,0,0.0,[]
2020-10-29 10:45:00+00:00,0,0,0.0,[]
2020-10-29 10:50:00+00:00,0,0,0.0,[]
2020-10-29 10:55:00+00:00,0,0,0.0,[]
2020-10-29 11:00:00+00:00,0,0,0.0,[]
2020-10-29 11:05:00+00:00,0,0,0.0,[]
2020-10-29 11:10:00+00:00,0,0,0.0,[]
2020-10-29 11:15:00+00:00,0,0,0.0,[]
2020-10-29 11:20:00+00:00,0,0,0.0,[]
2020-10-29 11:25:00+00:00,0,0,0.0,[]
2020-10-29 11:30:00+00:00,0,0,0.0,[]
2020-10-29 11:35:00+00:00,0,0,0.0,[]
2020-10-29 11:40:00+00:00,0,0,0.0,[]
2020-10-29 11:45:00+00:00,0,0,0.0,[]
2020-10-29 11:50:00+00:00,0,0,0.0,[]
2020-10-29 11:55:00+00:00,0,0,0.0,[]
2020-10-29 12:00:00+00:00,0,0,0.0,[]
2020-10-29 12:05:00+00:00,0,0,0.0,[]
2020-10-29 12:10:00+00:00,0,0,0.0,[]
2020-10-29 12:15:00+00:00,0,0,0.0,[]
2020-10-29 12:20:00+00:00,0,0,0.0,[]
2020-10-29 12:25:00+00:00,0,0,0.0,[]
2020-10-29 12:30:00+00:00,0,0,0.0,[]
2020-10-29 12:35:00+00:00,0,0,0.0,[]
2020-10-29 12:40:00+00:00,0,0,0.0,[]
2020-10-29 12:45:00+00:00,0,0,0.0,[]
2020-10-29 12:50:00+00:00,0,0,0.0,[]
2020-10-29 12:55:00+00:00,0,0,0.0,[]
2020-10-29 13:00:00+00:00,0,0,0.0,[]
2020-10-29 13:05:00+00:00,0,0,0.0,[]
2020-10-29 13:10:00+00:00,0,0,0.0,[]
2020-10-29 13:15:00+00:00,0,0,0.0,[]
2020-10-29 13:20:00+00:00,0,0,0.0,[]
2020-10-29 13:25:00+00:00,0,0,0.0,[]
2020-10-29 13:30:00+00:00,0,0,0.0,[]
2020-10-29 13:35:00+00:00,0,0,0.0,[]
2020-10-29 13:40:00+00:00,0,0,0.0,[]
2020-10-29 13:45:00+00:00,0,0,0.0,[]
2020-10-29 13:50:00+00:00,0,0,0.0,[]
2020-10-29 13:55:00+00:00,0,0,0.0,[]
2020-10-29 14:00:00+00:00,0,0,0.0,[]
2020-10-29 14:05:00+00:00,0,0,0.0,[]
2020-10-29 14:10:00+00:00,0,0,0.0,[]
2020-10-29 14:15:00+00:00,0,0,0.0,[]
2020-10-29 14:20:00+00:00,0,0,0.0,[]
2020-10-29 14:25:00+00:00,0,0,0.0,[]
2020-10-29 14:30:00+00:00,0,0,0.0,[]
2020-10-29 14:35:00+00:00,0,0,0.0,[]
2020-10-29 14:40:00+00:00,0,0,0.0,[]
2020-10-29 14:45:00+00:00,0,0,0.0,[]
2020-10-29 14:50:00+00:00,0,0,0.0,[]
2020-10-29 14:55:00+00:00,0,0,0.0,[]
2020-10-29 15:00:00+00:00,0,0,0.0,[]
2020-10-29 15:05:00+00:00,0,0,0.0,[]
2020-10-29 15:10:00+00:00,0,0,0.0,[]
2020-10-29 15:15:00+00:00,0,0,0.0,[]
2020-10-29 15:20:00+00:00,0,0,0.0,[]
2020-10-29 15:25:00+00:00,0,0,0.0,[]
2020-10-29 15:30:00+00:00,0,0,0.0,[]
2020-10-29 15:35:00+00:00,0,0,0.0,[]
2020-10-29 15:40:00+00:00,0,0,0.0,[]
2020-10-29 15:45:00+00:00,0,0,0.0,[]
2020-10-29 15:50:00+00:00,0,0,0.0,[]
2020-10-29 15:55:00+00:00,0,0,0.0,[]
2020-10-29 16:00:00+00:00,0,0,0.0,[]
2020-10-29 16:05:00+00:00,0,0,0.0,[]
2020-10-29 16:10:00+00:00,0,0,0.0,[]
2020-10-29 16:15:00+00:00,0,0,0.0,[]
2020-10-29 16:20:00+00:00,0,0,0.0,[]
2020-10-29 16:25:00+00:00,0,0,0.0,[]
2020-10-29 16:30:00+00:00,0,0,0.0,[]
2020-10-29 16:35:00+00:00,0,0,0.0,[]
2020-10-29 16:40:00+00:00,0,0,0.0,[]
2020-10-29 16:45:00+00:00,0,0,0.0,[]
2020-10-29 16:50:00+00:00,0,0,0.0,[]
2020-10-29 16:55:00+00:00,0,0,0.0,[]
2020-10-29 17:00:00+00:00,0,0,0.0,[]
2020-10-29 17:05:00+00:00,0,0,0.0,[]
2020-10-29 17:10:00+00:00,0,0,0.0,[]
2020-10-29 17:15:00+00:00,0,0,0.0,[]
2020-10-29 17:20:00+00:00,0,0,0.0,[]
2020-10-29 17:25:00+00:00,0,0,0.0,[]
2020-10-29 17:30:00+00:00,0,0,0.0,[]
2020-10-29 17:35:00+00:00,0,0,0.0,[]
2020-10-29 17:40:00+00:00,0,0,0.0,[]
2020-10-29 17:45:00+00:00,0,0,0.0,[]
2020-10-29 17:50:00+00:00,0,0,0.0,[]
2020-10-29 17:55:00+00:00,0,0,0.0,[]
2020-10-29 18:00:00+00:00,0,0,0.0,[]
2020-10-29 18:05:00+00:00,0,0,0.0,[]
2020-10-29 18:10:00+00:00,0,0,0.0,[]
2020-10-29 18:15:00+00:00,0,0,0.0,[]
2020-10-29 18:20:00+00:00,0,0,0.0,[]
2020-10-29 18:25:00+00:00,0,0,0.0,[]
2020-10-29 18:30:00+00:00,0,0,0.0,[]
2020-10-29 18:35:00+00:00,0,0,0.0,[]
2020-10-29 18:40:00+00:00,0,0,0.0,[]
2020-10-29 18:45:00+00:00,0,0,0.0,[]
2020-10-29 18:50:00+00:00,0,0,0.0,[]
2020-10-29 18:55:00+00:00,0,0,0.0,[]
2020-10-29 19:00:00+00:00,0,0,0.0,[]
2020-10-29 19:05:00+00:00,6110,0,6.0,"[1290, 1290, 1290, 130, 560, 1550]"
2020-10-29 19:10:00+00:00,0,0,0.0,[]
2020-10-29 19:15:00+00:00,480,0,3.0,"[160, 160, 160]"
2020-10-29 19:20:00+00:00,6180,0,2.0,"[3090, 3090]"
2020-10-29 19:25:00+00:00,0,0,0.0,[]
2020-10-29 19:30:00+00:00,0,0,0.0,[]
2020-10-29 19:35:00+00:00,0,0,0.0,[]
2020-10-29 19:40:00+00:00,0,0,0.0,[]
2020-10-29 19:45:00+00:00,0,0,0.0,[]
2020-10-29 19:50:00+00:00,0,0,0.0,[]
2020-10-29 19:55:00+00:00,0,0,0.0,[]
2020-10-29 20:00:00+00:00,0,0,0.0,[]
2020-10-29 20:05:00+00:00,0,0,0.0,[]
2020-10-29 20:10:00+00:00,0,0,0.0,[]
2020-10-29 20:15:00+00:00,0,0,0.0,[]
2020-10-29 20:20:00+00:00,0,0,0.0,[]
2020-10-29 20:25:00+00:00,0,0,0.0,[]
2020-10-29 20:30:00+00:00,0,0,0.0,[]
2020-10-29 20:35:00+00:00,0,0,0.0,[]
2020-10-29 20:40:00+00:00,0,0,0.0,[]
2020-10-29 20:45:00+00:00,0,0,0.0,[]
2020-10-29 20:50:00+00:00,0,0,0.0,[]
2020-10-29 20:55:00+00:00,0,0,0.0,[]
2020-10-29 21:00:00+00:00,0,0,0.0,[]
2020-10-29 21:05:00+00:00,0,0,0.0,[]
2020-10-29 21:10:00+00:00,0,0,0.0,[]
2020-10-29 21:15:00+00:00,0,0,0.0,[]
2020-10-29 21:20:00+00:00,0,0,0.0,[]
2020-10-29 21:25:00+00:00,0,0,0.0,[]
2020-10-29 21:30:00+00:00,0,0,0.0,[]
2020-10-29 21:35:00+00:00,0,0,0.0,[]
2020-10-29 21:40:00+00:00,0,0,0.0,[]
2020-10-29 21:45:00+00:00,0,0,0.0,[]
2020-10-29 21:50:00+00:00,0,0,0.0,[]
2020-10-29 21:55:00+00:00,0,0,0.0,[]
2020-10-29 22:00:00+00:00,0,0,0.0,[]
2020-10-29 22:05:00+00:00,0,0,0.0,[]
2020-10-29 22:10:00+00:00,0,0,0.0,[]
2020-10-29 22:15:00+00:00,0,0,0.0,[]
2020-10-29 22:20:00+00:00,0,0,0.0,[]
2020-10-29 22:25:00+00:00,0,0,0.0,[]
2020-10-29 22:30:00+00:00,0,0,0.0,[]
2020-10-29 22:35:00+00:00,0,0,0.0,[]
2020-10-29 22:40:00+00:00,0,0,0.0,[]
2020-10-29 22:45:00+00:00,0,0,0.0,[]
2020-10-29 22:50:00+00:00,0,0,0.0,[]
2020-10-29 22:55:00+00:00,0,0,0.0,[]
2020-10-29 23:00:00+00:00,0,0,0.0,[]
2020-10-29 23:05:00+00:00,0,0,0.0,[]
2020-10-29 23:10:00+00:00,0,0,0.0,[]
2020-10-29 23:15:00+00:00,0,0,0.0,[]
2020-10-29 23:20:00+00:00,0,0,0.0,[]
2020-10-29 23:25:00+00:00,0,0,0.0,[]
2020-10-29 23:30:00+00:00,0,0,0.0,[]
2020-10-29 23:35:00+00:00,0,0,0.0,[]
2020-10-29 23:40:00+00:00,0,0,0.0,[]
2020-10-29 23:45:00+00:00,0,0,0.0,[]
2020-10-29 23:50:00+00:00,0,0,0.0,[]
2020-10-29 23:55:00+00:00,0,0,0.0,[]
2020-10-30 00:00:00+00:00,0,0,0.0,[]
2020-10-30 00:05:00+00:00,0,0,0.0,[]
2020-10-30 00:10:00+00:00,0,0,0.0,[]
2020-10-30 00:15:00+00:00,0,0,0.0,[]
2020-10-30 00:20:00+00:00,0,0,0.0,[]
2020-10-30 00:25:00+00:00,0,0,0.0,[]
2020-10-30 00:30:00+00:00,0,0,0.0,[]
2020-10-30 00:35:00+00:00,0,0,0.0,[]
2020-10-30 00:40:00+00:00,0,0,0.0,[]
2020-10-30 00:45:00+00:00,0,0,0.0,[]
2020-10-30 00:50:00+00:00,0,0,0.0,[]
2020-10-30 00:55:00+00:00,0,0,0.0,[]
2020-10-30 01:00:00+00:00,0,0,0.0,[]
2020-10-30 01:05:00+00:00,0,0,0.0,[]
2020-10-30 01:10:00+00:00,0,0,0.0,[]
2020-10-30 01:15:00+00:00,0,0,0.0,[]
2020-10-30 01:20:00+00:00,0,0,0.0,[]
2020-10-30 01:25:00+00:00,0,0,0.0,[]
2020-10-30 01:30:00+00:00,0,0,0.0,[]
2020-10-30 01:35:00+00:00,0,0,0.0,[]
2020-10-30 01:40:00+00:00,0,0,0.0,[]
2020-10-30 01:45:00+00:00,0,0,0.0,[]
2020-10-30 01:50:00+00:00,0,0,0.0,[]
2020-10-30 01:55:00+00:00,0,0,0.0,[]
2020-10-30 02:00:00+00:00,0,0,0.0,[]
2020-10-30 02:05:00+00:00,0,0,0.0,[]
2020-10-30 02:10:00+00:00,0,0,0.0,[]
2020-10-30 02:15:00+00:00,0,0,0.0,[]
2020-10-30 02:20:00+00:00,0,0,0.0,[]
2020-10-30 02:25:00+00:00,0,0,0.0,[]
2020-10-30 02:30:00+00:00,0,0,0.0,[]
2020-10-30 02:35:00+00:00,0,0,0.0,[]
2020-10-30 02:40:00+00:00,0,0,0.0,[]
2020-10-30 02:45:00+00:00,0,0,0.0,[]
2020-10-30 02:50:00+00:00,0,0,0.0,[]
2020-10-30 02:55:00+00:00,0,0,0.0,[]
2020-10-30 03:00:00+00:00,0,0,0.0,[]
2020-10-30 03:05:00+00:00,0,0,0.0,[]
2020-10-30 03:10:00+00:00,0,0,0.0,[]
2020-10-30 03:15:00+00:00,0,0,0.0,[]
2020-10-30 03:20:00+00:00,0,0,0.0,[]
2020-10-30 03:25:00+00:00,0,0,0.0,[]
2020-10-30 03:30:00+00:00,0,0,0.0,[]
2020-10-30 03:35:00+00:00,0,0,0.0,[]
2020-10-30 03:40:00+00:00,0,0,0.0,[]
2020-10-30 03:45:00+00:00,0,0,0.0,[]
2020-10-30 03:50:00+00:00,0,0,0.0,[]
2020-10-30 03:55:00+00:00,0,0,0.0,[]
2020-10-30 04:00:00+00:00,0,0,0.0,[]
2020-10-30 04:05:00+00:00,0,0,0.0,[]
2020-10-30 04:10:00+00:00,0,0,0.0,[]
2020-10-30 04:15:00+00:00,0,0,0.0,[]
2020-10-30 04:20:00+00:00,0,0,0.0,[]
2020-10-30 04:25:00+00:00,0,0,0.0,[]
2020-10-30 04:30:00+00:00,0,0,0.0,[]
2020-10-30 04:35:00+00:00,0,0,0.0,[]
2020-10-30 04:40:00+00:00,0,0,0.0,[]
2020-10-30 04:45:00+00:00,0,0,0.0,[]
2020-10-30 04:50:00+00:00,0,0,0.0,[]
2020-10-30 04:55:00+00:00,0,0,0.0,[]
2020-10-30 05:00:00+00:00,80,0,1.0,[80]
2020-10-30 05:05:00+00:00,0,0,0.0,[]
2020-10-30 05:10:00+00:00,0,0,0.0,[]
2020-10-30 05:15:00+00:00,0,0,0.0,[]
2020-10-30 05:20:00+00:00,0,0,0.0,[]
2020-10-30 05:25:00+00:00,0,0,0.0,[]
2020-10-30 05:30:00+00:00,0,0,0.0,[]
2020-10-30 05:35:00+00:00,0,0,0.0,[]
2020-10-30 05:40:00+00:00,0,0,0.0,[]
2020-10-30 05:45:00+00:00,0,0,0.0,[]
2020-10-30 05:50:00+00:00,0,0,0.0,[]
2020-10-30 05:55:00+00:00,0,0,0.0,[]
2020-10-30 06:00:00+00:00,0,0,0.0,[]
2020-10-30 06:05:00+00:00,0,0,0.0,[]
2020-10-30 06:10:00+00:00,0,0,0.0,[]
2020-10-30 06:15:00+00:00,0,0,0.0,[]
2020-10-30 06:20:00+00:00,0,0,0.0,[]
2020-10-30 06:25:00+00:00,0,0,0.0,[]
2020-10-30 06:30:00+00:00,0,0,0.0,[]
2020-10-30 06:35:00+00:00,0,0,0.0,[]
2020-10-30 06:40:00+00:00,0,0,0.0,[]
2020-10-30 06:45:00+00:00,0,0,0.0,[]
2020-10-30 06:50:00+00:00,0,0,0.0,[]
2020-10-30 06:55:00+00:00,0,0,0.0,[]
2020-10-30 07:00:00+00:00,0,0,0.0,[]
2020-10-30 07:05:00+00:00,0,0,0.0,[]
2020-10-30 07:10:00+00:00,0,0,0.0,[]
2020-10-30 07:15:00+00:00,0,0,0.0,[]
2020-10-30 07:20:00+00:00,0,0,0.0,[]
2020-10-30 07:25:00+00:00,0,0,0.0,[]
2020-10-30 07:30:00+00:00,0,0,0.0,[]
2020-10-30 07:35:00+00:00,0,0,0.0,[]
2020-10-30 07:40:00+00:00,0,0,0.0,[]
2020-10-30 07:45:00+00:00,0,0,0.0,[]
2020-10-30 07:50:00+00:00,0,0,0.0,[]
2020-10-30 07:55:00+00:00,0,0,0.0,[]
2020-10-30 08:00:00+00:00,0,0,0.0,[]
2020-10-30 08:05:00+00:00,0,0,0.0,[]
2020-10-30 08:10:00+00:00,0,0,0.0,[]
2020-10-30 08:15:00+00:00,0,0,0.0,[]
2020-10-30 08:20:00+00:00,0,0,0.0,[]
2020-10-30 08:25:00+00:00,0,0,0.0,[]
2020-10-30 08:30:00+00:00,0,0,0.0,[]
2020-10-30 08:35:00+00:00,0,0,0.0,[]
2020-10-30 08:40:00+00:00,0,0,0.0,[]
2020-10-30 08:45:00+00:00,0,0,0.0,[]
2020-10-30 08:50:00+00:00,0,0,0.0,[]
2020-10-30 08:55:00+00:00,0,0,0.0,[]
2020-10-30 09:00:00+00:00,0,0,0.0,[]
2020-10-30 09:05:00+00:00,0,0,0.0,[]
2020-10-30 09:10:00+00:00,0,0,0.0,[]
2020-10-30 09:15:00+00:00,0,0,0.0,[]
2020-10-30 09:20:00+00:00,0,0,0.0,[]
2020-10-30 09:25:00+00:00,0,0,0.0,[]
2020-10-30 09:30:00+00:00,0,0,0.0,[]
2020-10-30 09:35:00+00:00,0,0,0.0,[]
2020-10-30 09:40:00+00:00,0,0,0.0,[]
2020-10-30 09:45:00+00:00,0,0,0.0,[]
2020-10-30 09:50:00+00:00,0,0,0.0,[]
2020-10-30 09:55:00+00:00,0,0,0.0,[]
2020-10-30 10:00:00+00:00,0,0,0.0,[]
2020-10-30 10:05:00+00:00,0,0,0.0,[]
2020-10-30 10:10:00+00:00,0,0,0.0,[]
2020-10-30 10:15:00+00:00,0,0,0.0,[]
2020-10-30 10:20:00+00:00,0,0,0.0,[]
2020-10-30 10:25:00+00:00,0,0,0.0,[]
2020-10-30 10:30:00+00:00,0,0,0.0,[]
2020-10-30 10:35:00+00:00,0,0,0.0,[]
2020-10-30 10:40:00+00:00,0,0,0.0,[]
2020-10-30 10:45:00+00:00,0,0,0.0,[]
2020-10-30 10:50:00+00:00,0,0,0.0,[]
2020-10-30 10:55:00+00:00,0,0,0.0,[]
2020-10-30 11:00:00+00:00,0,0,0.0,[]
2020-10-30 11:05:00+00:00,0,0,0.0,[]
2020-10-30 11:10:00+00:00,0,0,0.0,[]
2020-10-30 11:15:00+00:00,0,0,0.0,[]
2020-10-30 11:20:00+00:00,0,0,0.0,[]
2020-10-30 11:25:00+00:00,0,0,0.0,[]
2020-10-30 11:30:00+00:00,0,0,0.0,[]
2020-10-30 11:35:00+00:00,0,0,0.0,[]
2020-10-30 11:40:00+00:00,0,0,0.0,[]
2020-10-30 11:45:00+00:00,0,0,0.0,[]
2020-10-30 11:50:00+00:00,0,0,0.0,[]
2020-10-30 11:55:00+00:00,0,0,0.0,[]
2020-10-30 12:00:00+00:00,0,0,0.0,[]
2020-10-30 12:05:00+00:00,0,0,0.0,[]
2020-10-30 12:10:00+00:00,0,0,0.0,[]
2020-10-30 12:15:00+00:00,0,0,0.0,[]
2020-10-30 12:20:00+00:00,0,0,0.0,[]
2020-10-30 12:25:00+00:00,0,0,0.0,[]
2020-10-30 12:30:00+00:00,0,0,0.0,[]
2020-10-30 12:35:00+00:00,0,0,0.0,[]
2020-10-30 12:40:00+00:00,0,0,0.0,[]
2020-10-30 12:45:00+00:00,0,0,0.0,[]
2020-10-30 12:50:00+00:00,0,0,0.0,[]
2020-10-30 12:55:00+00:00,0,0,0.0,[]
2020-10-30 13:00:00+00:00,0,0,0.0,[]
2020-10-30 13:05:00+00:00,0,0,0.0,[]
2020-10-30 13:10:00+00:00,0,0,0.0,[]
2020-10-30 13:15:00+00:00,0,0,0.0,[]
2020-10-30 13:20:00+00:00,0,0,0.0,[]
2020-10-30 13:25:00+00:00,0,0,0.0,[]
2020-10-30 13:30:00+00:00,0,0,0.0,[]
2020-10-30 13:35:00+00:00,0,0,0.0,[]
2020-10-30 13:40:00+00:00,0,0,0.0,[]
2020-10-30 13:45:00+00:00,0,0,0.0,[]
2020-10-30 13:50:00+00:00,0,0,0.0,[]
2020-10-30 13:55:00+00:00,0,0,0.0,[]
2020-10-30 14:00:00+00:00,0,0,0.0,[]
2020-10-30 14:05:00+00:00,0,0,0.0,[]
2020-10-30 14:10:00+00:00,0,0,0.0,[]
2020-10-30 14:15:00+00:00,0,0,0.0,[]
2020-10-30 14:20:00+00:00,0,0,0.0,[]
2020-10-30 14:25:00+00:00,0,0,0.0,[]
2020-10-30 14:30:00+00:00,0,0,0.0,[]
2020-10-30 14:35:00+00:00,0,0,0.0,[]
2020-10-30 14:40:00+00:00,0,0,0.0,[]
2020-10-30 14:45:00+00:00,0,0,0.0,[]
2020-10-30 14:50:00+00:00,0,0,0.0,[]
2020-10-30 14:55:00+00:00,0,0,0.0,[]
2020-10-30 15:00:00+00:00,0,0,0.0,[]
2020-10-30 15:05:00+00:00,0,0,0.0,[]
2020-10-30 15:10:00+00:00,0,0,0.0,[]
2020-10-30 15:15:00+00:00,0,0,0.0,[]
2020-10-30 15:20:00+00:00,0,0,0.0,[]
2020-10-30 15:25:00+00:00,0,0,0.0,[]
2020-10-30 15:30:00+00:00,0,0,0.0,[]
2020-10-30 15:35:00+00:00,0,0,0.0,[]
2020-10-30 15:40:00+00:00,0,0,0.0,[]
2020-10-30 15:45:00+00:00,0,0,0.0,[]
2020-10-30 15:50:00+00:00,0,0,0.0,[]
2020-10-30 15:55:00+00:00,0,0,0.0,[]
2020-10-30 16:00:00+00:00,0,0,0.0,[]
2020-10-30 16:05:00+00:00,0,0,0.0,[]
2020-10-30 16:10:00+00:00,0,0,0.0,[]
2020-10-30 16:15:00+00:00,0,0,0.0,[]
2020-10-30 16:20:00+00:00,0,0,0.0,[]
2020-10-30 16:25:00+00:00,0,0,0.0,[]
2020-10-30 16:30:00+00:00,0,0,0.0,[]
2020-10-30 16:35:00+00:00,0,0,0.0,[]
2020-10-30 16:40:00+00:00,0,0,0.0,[]
2020-10-30 16:45:00+00:00,0,0,0.0,[]
2020-10-30 16:50:00+00:00,0,0,0.0,[]
2020-10-30 16:55:00+00:00,0,0,0.0,[]
2020-10-30 17:00:00+00:00,0,0,0.0,[]
2020-10-30 17:05:00+00:00,0,0,0.0,[]
2020-10-30 17:10:00+00:00,0,0,0.0,[]
2020-10-30 17:15:00+00:00,0,0,0.0,[]
2020-10-30 17:20:00+00:00,0,0,0.0,[]
2020-10-30 17:25:00+00:00,0,0,0.0,[]
2020-10-30 17:30:00+00:00,0,0,0.0,[]
2020-10-30 17:35:00+00:00,0,0,0.0,[]
2020-10-30 17:40:00+00:00,0,0,0.0,[]
2020-10-30 17:45:00+00:00,0,0,0.0,[]
2020-10-30 17:50:00+00:00,0,0,0.0,[]
2020-10-30 17:55:00+00:00,0,0,0.0,[]
2020-10-30 18:00:00+00:00,0,0,0.0,[]
2020-10-30 18:05:00+00:00,0,0,0.0,[]
2020-10-30 18:10:00+00:00,0,0,0.0,[]
2020-10-30 18:15:00+00:00,0,0,0.0,[]
2020-10-30 18:20:00+00:00,0,0,0.0,[]
2020-10-30 18:25:00+00:00,0,0,0.0,[]
2020-10-30 18:30:00+00:00,0,0,0.0,[]
2020-10-30 18:35:00+00:00,0,0,0.0,[]
2020-10-30 18:40:00+00:00,0,0,0.0,[]
2020-10-30 18:45:00+00:00,0,0,0.0,[]
2020-10-30 18:50:00+00:00,0,0,0.0,[]
2020-10-30 18:55:00+00:00,0,0,0.0,[]
2020-10-30 19:00:00+00:00,0,0,0.0,[]
2020-10-30 19:05:00+00:00,0,0,0.0,[]
2020-10-30 19:10:00+00:00,0,0,0.0,[]
2020-10-30 19:15:00+00:00,0,0,0.0,[]
2020-10-30 19:20:00+00:00,0,0,0.0,[]
2020-10-30 19:25:00+00:00,0,0,0.0,[]
2020-10-30 19:30:00+00:00,0,0,0.0,[]
2020-10-30 19:35:00+00:00,0,0,0.0,[]
2020-10-30 19:40:00+00:00,0,0,0.0,[]
2020-10-30 19:45:00+00:00,0,0,0.0,[]
2020-10-30 19:50:00+00:00,0,0,0.0,[]
2020-10-30 19:55:00+00:00,0,0,0.0,[]
2020-10-30 20:00:00+00:00,0,0,0.0,[]
2020-10-30 20:05:00+00:00,0,0,0.0,[]
2020-10-30 20:10:00+00:00,0,0,0.0,[]
2020-10-30 20:15:00+00:00,0,0,0.0,[]
2020-10-30 20:20:00+00:00,0,0,0.0,[]
2020-10-30 20:25:00+00:00,0,0,0.0,[]
2020-10-30 20:30:00+00:00,0,0,0.0,[]
2020-10-30 20:35:00+00:00,0,0,0.0,[]
2020-10-30 20:40:00+00:00,0,0,0.0,[]
2020-10-30 20:45:00+00:00,0,0,0.0,[]
2020-10-30 20:50:00+00:00,0,0,0.0,[]
2020-10-30 20:55:00+00:00,0,0,0.0,[]
2020-10-30 21:00:00+00:00,0,0,0.0,[]
2020-10-30 21:05:00+00:00,0,0,0.0,[]
2020-10-30 21:10:00+00:00,0,0,0.0,[]
2020-10-30 21:15:00+00:00,0,0,0.0,[]
2020-10-30 21:20:00+00:00,0,0,0.0,[]
2020-10-30 21:25:00+00:00,0,0,0.0,[]
2020-10-30 21:30:00+00:00,0,0,0.0,[]
2020-10-30 21:35:00+00:00,0,0,0.0,[]
2020-10-30 21:40:00+00:00,6180,0,2.0,"[3090, 3090]"
2020-10-30 21:45:00+00:00,0,0,0.0,[]
2020-10-30 21:50:00+00:00,0,0,0.0,[]
2020-10-30 21:55:00+00:00,0,0,0.0,[]
2020-10-30 22:00:00+00:00,0,0,0.0,[]
2020-10-30 22:05:00+00:00,0,0,0.0,[]
2020-10-30 22:10:00+00:00,0,0,0.0,[]
2020-10-30 22:15:00+00:00,0,0,0.0,[]
2020-10-30 22:20:00+00:00,0,0,0.0,[]
2020-10-30 22:25:00+00:00,0,0,0.0,[]
2020-10-30 22:30:00+00:00,0,0,0.0,[]
2020-10-30 22:35:00+00:00,0,0,0.0,[]
2020-10-30 22:40:00+00:00,0,0,0.0,[]
2020-10-30 22:45:00+00:00,140,0,1.0,[140]
2020-10-30 22:50:00+00:00,140,0,1.0,[140]
2020-10-30 22:55:00+00:00,0,0,0.0,[]
2020-10-30 23:00:00+00:00,0,0,0.0,[]
2020-10-30 23:05:00+00:00,0,0,0.0,[]
2020-10-30 23:10:00+00:00,0,0,0.0,[]
2020-10-30 23:15:00+00:00,0,0,0.0,[]
2020-10-30 23:20:00+00:00,0,0,0.0,[]
2020-10-30 23:25:00+00:00,0,0,0.0,[]
2020-10-30 23:30:00+00:00,0,0,0.0,[]
2020-10-30 23:35:00+00:00,0,0,0.0,[]
2020-10-30 23:40:00+00:00,0,0,0.0,[]
2020-10-30 23:45:00+00:00,0,0,0.0,[]
2020-10-30 23:50:00+00:00,0,0,0.0,[]
2020-10-30 23:55:00+00:00,0,0,0.0,[]
2020-10-31 00:00:00+00:00,0,0,0.0,[]
2020-10-31 00:05:00+00:00,0,0,0.0,[]
2020-10-31 00:10:00+00:00,0,0,0.0,[]
2020-10-31 00:15:00+00:00,0,0,0.0,[]
2020-10-31 00:20:00+00:00,0,0,0.0,[]
2020-10-31 00:25:00+00:00,0,0,0.0,[]
2020-10-31 00:30:00+00:00,0,0,0.0,[]
2020-10-31 00:35:00+00:00,0,0,0.0,[]
2020-10-31 00:40:00+00:00,0,0,0.0,[]
2020-10-31 00:45:00+00:00,0,0,0.0,[]
2020-10-31 00:50:00+00:00,0,0,0.0,[]
2020-10-31 00:55:00+00:00,0,0,0.0,[]
2020-10-31 01:00:00+00:00,0,0,0.0,[]
2020-10-31 01:05:00+00:00,0,0,0.0,[]
2020-10-31 01:10:00+00:00,0,0,0.0,[]
2020-10-31 01:15:00+00:00,0,0,0.0,[]
2020-10-31 01:20:00+00:00,0,0,0.0,[]
2020-10-31 01:25:00+00:00,0,0,0.0,[]
2020-10-31 01:30:00+00:00,0,0,0.0,[]
2020-10-31 01:35:00+00:00,0,0,0.0,[]
2020-10-31 01:40:00+00:00,0,0,0.0,[]
2020-10-31 01:45:00+00:00,0,0,0.0,[]
2020-10-31 01:50:00+00:00,0,0,0.0,[]
2020-10-31 01:55:00+00:00,470,0,1.0,[470]
2020-10-31 02:00:00+00:00,0,0,0.0,[]
2020-10-31 02:05:00+00:00,0,0,0.0,[]
2020-10-31 02:10:00+00:00,0,0,0.0,[]
2020-10-31 02:15:00+00:00,0,0,0.0,[]
2020-10-31 02:20:00+00:00,0,0,0.0,[]
2020-10-31 02:25:00+00:00,0,0,0.0,[]
2020-10-31 02:30:00+00:00,0,0,0.0,[]
2020-10-31 02:35:00+00:00,0,0,0.0,[]
2020-10-31 02:40:00+00:00,0,0,0.0,[]
2020-10-31 02:45:00+00:00,0,0,0.0,[]
2020-10-31 02:50:00+00:00,0,0,0.0,[]
2020-10-31 02:55:00+00:00,0,0,0.0,[]
2020-10-31 03:00:00+00:00,0,0,0.0,[]
2020-10-31 03:05:00+00:00,0,0,0.0,[]
2020-10-31 03:10:00+00:00,0,0,0.0,[]
2020-10-31 03:15:00+00:00,0,0,0.0,[]
2020-10-31 03:20:00+00:00,0,0,0.0,[]
2020-10-31 03:25:00+00:00,0,0,0.0,[]
2020-10-31 03:30:00+00:00,0,0,0.0,[]
2020-10-31 03:35:00+00:00,0,0,0.0,[]
2020-10-31 03:40:00+00:00,0,0,0.0,[]
2020-10-31 03:45:00+00:00,0,0,0.0,[]
2020-10-31 03:50:00+00:00,0,0,0.0,[]
2020-10-31 03:55:00+00:00,0,0,0.0,[]
2020-10-31 04:00:00+00:00,0,0,0.0,[]
2020-10-31 04:05:00+00:00,0,0,0.0,[]
2020-10-31 04:10:00+00:00,0,0,0.0,[]
2020-10-31 04:15:00+00:00,0,0,0.0,[]
2020-10-31 04:20:00+00:00,0,0,0.0,[]
2020-10-31 04:25:00+00:00,0,0,0.0,[]
2020-10-31 04:30:00+00:00,0,0,0.0,[]
2020-10-31 04:35:00+00:00,0,0,0.0,[]
2020-10-31 04:40:00+00:00,0,0,0.0,[]
2020-10-31 04:45:00+00:00,0,0,0.0,[]
2020-10-31 04:50:00+00:00,0,0,0.0,[]
2020-10-31 04:55:00+00:00,0,0,0.0,[]
2020-10-31 05:00:00+00:00,0,0,0.0,[]
2020-10-31 05:05:00+00:00,0,0,0.0,[]
2020-10-31 05:10:00+00:00,0,0,0.0,[]
2020-10-31 05:15:00+00:00,0,0,0.0,[]
2020-10-31 05:20:00+00:00,0,0,0.0,[]
2020-10-31 05:25:00+00:00,0,0,0.0,[]
2020-10-31 05:30:00+00:00,0,0,0.0,[]
2020-10-31 05:35:00+00:00,0,0,0.0,[]
2020-10-31 05:40:00+00:00,0,0,0.0,[]
2020-10-31 05:45:00+00:00,0,0,0.0,[]
2020-10-31 05:50:00+00:00,0,0,0.0,[]
2020-10-31 05:55:00+00:00,0,0,0.0,[]
2020-10-31 06:00:00+00:00,0,0,0.0,[]
2020-10-31 06:05:00+00:00,0,0,0.0,[]
2020-10-31 06:10:00+00:00,0,0,0.0,[]
2020-10-31 06:15:00+00:00,0,0,0.0,[]
2020-10-31 06:20:00+00:00,0,0,0.0,[]
2020-10-31 06:25:00+00:00,0,0,0.0,[]
2020-10-31 06:30:00+00:00,0,0,0.0,[]
2020-10-31 06:35:00+00:00,0,0,0.0,[]
2020-10-31 06:40:00+00:00,0,0,0.0,[]
2020-10-31 06:45:00+00:00,0,0,0.0,[]
2020-10-31 06:50:00+00:00,0,0,0.0,[]
2020-10-31 06:55:00+00:00,0,0,0.0,[]
2020-10-31 07:00:00+00:00,0,0,0.0,[]
2020-10-31 07:05:00+00:00,0,0,0.0,[]
2020-10-31 07:10:00+00:00,0,0,0.0,[]
2020-10-31 07:15:00+00:00,0,0,0.0,[]
2020-10-31 07:20:00+00:00,0,0,0.0,[]
2020-10-31 07:25:00+00:00,0,0,0.0,[]
2020-10-31 07:30:00+00:00,0,0,0.0,[]
2020-10-31 07:35:00+00:00,0,0,0.0,[]
2020-10-31 07:40:00+00:00,0,0,0.0,[]
2020-10-31 07:45:00+00:00,0,0,0.0,[]
2020-10-31 07:50:00+00:00,0,0,0.0,[]
2020-10-31 07:55:00+00:00,0,0,0.0,[]
2020-10-31 08:00:00+00:00,0,0,0.0,[]
2020-10-31 08:05:00+00:00,0,0,0.0,[]
2020-10-31 08:10:00+00:00,0,0,0.0,[]
2020-10-31 08:15:00+00:00,0,0,0.0,[]
2020-10-31 08:20:00+00:00,0,0,0.0,[]
2020-10-31 08:25:00+00:00,0,0,0.0,[]
2020-10-31 08:30:00+00:00,0,0,0.0,[]
2020-10-31 08:35:00+00:00,0,0,0.0,[]
2020-10-31 08:40:00+00:00,0,0,0.0,[]
2020-10-31 08:45:00+00:00,0,0,0.0,[]
2020-10-31 08:50:00+00:00,0,0,0.0,[]
2020-10-31 08:55:00+00:00,0,0,0.0,[]
2020-10-31 09:00:00+00:00,0,0,0.0,[]
2020-10-31 09:05:00+00:00,0,0,0.0,[]
2020-10-31 09:10:00+00:00,0,0,0.0,[]
2020-10-31 09:15:00+00:00,0,0,0.0,[]
2020-10-31 09:20:00+00:00,0,0,0.0,[]
2020-10-31 09:25:00+00:00,0,0,0.0,[]
2020-10-31 09:30:00+00:00,0,0,0.0,[]
2020-10-31 09:35:00+00:00,0,0,0.0,[]
2020-10-31 09:40:00+00:00,0,0,0.0,[]
2020-10-31 09:45:00+00:00,0,0,0.0,[]
2020-10-31 09:50:00+00:00,0,0,0.0,[]
2020-10-31 09:55:00+00:00,0,0,0.0,[]
2020-10-31 10:00:00+00:00,0,0,0.0,[]
2020-10-31 10:05:00+00:00,0,0,0.0,[]
2020-10-31 10:10:00+00:00,0,0,0.0,[]
2020-10-31 10:15:00+00:00,0,0,0.0,[]
2020-10-31 10:20:00+00:00,0,0,0.0,[]
2020-10-31 10:25:00+00:00,0,0,0.0,[]
2020-10-31 10:30:00+00:00,0,0,0.0,[]
2020-10-31 10:35:00+00:00,0,0,0.0,[]
2020-10-31 10:40:00+00:00,0,0,0.0,[]
2020-10-31 10:45:00+00:00,0,0,0.0,[]
2020-10-31 10:50:00+00:00,0,0,0.0,[]
2020-10-31 10:55:00+00:00,0,0,0.0,[]
2020-10-31 11:00:00+00:00,0,0,0.0,[]
2020-10-31 11:05:00+00:00,0,0,0.0,[]
2020-10-31 11:10:00+00:00,0,0,0.0,[]
2020-10-31 11:15:00+00:00,0,0,0.0,[]
2020-10-31 11:20:00+00:00,0,0,0.0,[]
2020-10-31 11:25:00+00:00,0,0,0.0,[]
2020-10-31 11:30:00+00:00,0,0,0.0,[]
2020-10-31 11:35:00+00:00,0,0,0.0,[]
2020-10-31 11:40:00+00:00,0,0,0.0,[]
2020-10-31 11:45:00+00:00,0,0,0.0,[]
2020-10-31 11:50:00+00:00,0,0,0.0,[]
2020-10-31 11:55:00+00:00,0,0,0.0,[]
2020-10-31 12:00:00+00:00,0,0,0.0,[]
2020-10-31 12:05:00+00:00,0,0,0.0,[]
2020-10-31 12:10:00+00:00,0,0,0.0,[]
2020-10-31 12:15:00+00:00,1290,0,1.0,[1290]
2020-10-31 12:20:00+00:00,0,0,0.0,[]
2020-10-31 12:25:00+00:00,0,0,0.0,[]
2020-10-31 12:30:00+00:00,0,0,0.0,[]
2020-10-31 12:35:00+00:00,0,0,0.0,[]
2020-10-31 12:40:00+00:00,0,0,0.0,[]
2020-10-31 12:45:00+00:00,0,0,0.0,[]
2020-10-31 12:50:00+00:00,0,0,0.0,[]
2020-10-31 12:55:00+00:00,0,0,0.0,[]
2020-10-31 13:00:00+00:00,0,0,0.0,[]
2020-10-31 13:05:00+00:00,0,0,0.0,[]
2020-10-31 13:10:00+00:00,0,0,0.0,[]
2020-10-31 13:15:00+00:00,0,0,0.0,[]
2020-10-31 13:20:00+00:00,0,0,0.0,[]
2020-10-31 13:25:00+00:00,0,0,0.0,[]
2020-10-31 13:30:00+00:00,0,0,0.0,[]
2020-10-31 13:35:00+00:00,0,0,0.0,[]
2020-10-31 13:40:00+00:00,0,0,0.0,[]
2020-10-31 13:45:00+00:00,0,0,0.0,[]
2020-10-31 13:50:00+00:00,0,0,0.0,[]
2020-10-31 13:55:00+00:00,0,0,0.0,[]
2020-10-31 14:00:00+00:00,0,0,0.0,[]
2020-10-31 14:05:00+00:00,0,0,0.0,[]
2020-10-31 14:10:00+00:00,0,0,0.0,[]
2020-10-31 14:15:00+00:00,0,0,0.0,[]
2020-10-31 14:20:00+00:00,0,0,0.0,[]
2020-10-31 14:25:00+00:00,0,0,0.0,[]
2020-10-31 14:30:00+00:00,0,0,0.0,[]
2020-10-31 14:35:00+00:00,0,0,0.0,[]
2020-10-31 14:40:00+00:00,0,0,0.0,[]
2020-10-31 14:45:00+00:00,0,0,0.0,[]
2020-10-31 14:50:00+00:00,0,0,0.0,[]
2020-10-31 14:55:00+00:00,0,0,0.0,[]
2020-10-31 15:00:00+00:00,0,0,0.0,[]
2020-10-31 15:05:00+00:00,0,0,0.0,[]
2020-10-31 15:10:00+00:00,0,0,0.0,[]
2020-10-31 15:15:00+00:00,0,0,0.0,[]
2020-10-31 15:20:00+00:00,0,0,0.0,[]
2020-10-31 15:25:00+00:00,0,0,0.0,[]
2020-10-31 15:30:00+00:00,0,0,0.0,[]
2020-10-31 15:35:00+00:00,0,0,0.0,[]
2020-10-31 15:40:00+00:00,0,0,0.0,[]
2020-10-31 15:45:00+00:00,0,0,0.0,[]
2020-10-31 15:50:00+00:00,0,0,0.0,[]
2020-10-31 15:55:00+00:00,0,0,0.0,[]
2020-10-31 16:00:00+00:00,140,0,1.0,[140]
2020-10-31 16:05:00+00:00,0,0,0.0,[]
2020-10-31 16:10:00+00:00,0,0,0.0,[]
2020-10-31 16:15:00+00:00,0,0,0.0,[]
2020-10-31 16:20:00+00:00,0,0,0.0,[]
2020-10-31 16:25:00+00:00,0,0,0.0,[]
2020-10-31 16:30:00+00:00,0,0,0.0,[]
2020-10-31 16:35:00+00:00,0,0,0.0,[]
2020-10-31 16:40:00+00:00,0,0,0.0,[]
2020-10-31 16:45:00+00:00,0,0,0.0,[]
2020-10-31 16:50:00+00:00,0,0,0.0,[]
2020-10-31 16:55:00+00:00,0,0,0.0,[]
2020-10-31 17:00:00+00:00,0,0,0.0,[]
2020-10-31 17:05:00+00:00,0,0,0.0,[]
2020-10-31 17:10:00+00:00,0,0,0.0,[]
2020-10-31 17:15:00+00:00,0,0,0.0,[]
2020-10-31 17:20:00+00:00,0,0,0.0,[]
2020-10-31 17:25:00+00:00,0,0,0.0,[]
2020-10-31 17:30:00+00:00,0,0,0.0,[]
2020-10-31 17:35:00+00:00,0,0,0.0,[]
2020-10-31 17:40:00+00:00,0,0,0.0,[]
2020-10-31 17:45:00+00:00,0,0,0.0,[]
2020-10-31 17:50:00+00:00,0,0,0.0,[]
2020-10-31 17:55:00+00:00,0,0,0.0,[]
2020-10-31 18:00:00+00:00,0,0,0.0,[]
2020-10-31 18:05:00+00:00,0,0,0.0,[]
2020-10-31 18:10:00+00:00,0,0,0.0,[]
2020-10-31 18:15:00+00:00,0,0,0.0,[]
2020-10-31 18:20:00+00:00,0,0,0.0,[]
2020-10-31 18:25:00+00:00,0,0,0.0,[]
2020-10-31 18:30:00+00:00,0,0,0.0,[]
2020-10-31 18:35:00+00:00,0,0,0.0,[]
2020-10-31 18:40:00+00:00,0,0,0.0,[]
2020-10-31 18:45:00+00:00,0,0,0.0,[]
2020-10-31 18:50:00+00:00,570,0,1.0,[570]
2020-10-31 18:55:00+00:00,0,0,0.0,[]
2020-10-31 19:00:00+00:00,0,0,0.0,[]
2020-10-31 19:05:00+00:00,0,0,0.0,[]
2020-10-31 19:10:00+00:00,0,0,0.0,[]
2020-10-31 19:15:00+00:00,0,0,0.0,[]
2020-10-31 19:20:00+00:00,0,0,0.0,[]
2020-10-31 19:25:00+00:00,0,0,0.0,[]
2020-10-31 19:30:00+00:00,0,0,0.0,[]
2020-10-31 19:35:00+00:00,0,0,0.0,[]
2020-10-31 19:40:00+00:00,0,0,0.0,[]
2020-10-31 19:45:00+00:00,0,0,0.0,[]
2020-10-31 19:50:00+00:00,0,0,0.0,[]
2020-10-31 19:55:00+00:00,0,0,0.0,[]
2020-10-31 20:00:00+00:00,0,0,0.0,[]
2020-10-31 20:05:00+00:00,0,0,0.0,[]
2020-10-31 20:10:00+00:00,0,0,0.0,[]
2020-10-31 20:15:00+00:00,0,0,0.0,[]
2020-10-31 20:20:00+00:00,0,0,0.0,[]
2020-10-31 20:25:00+00:00,0,0,0.0,[]
2020-10-31 20:30:00+00:00,0,0,0.0,[]
2020-10-31 20:35:00+00:00,0,0,0.0,[]
2020-10-31 20:40:00+00:00,0,0,0.0,[]
2020-10-31 20:45:00+00:00,0,0,0.0,[]
2020-10-31 20:50:00+00:00,0,0,0.0,[]
2020-10-31 20:55:00+00:00,0,0,0.0,[]
2020-10-31 21:00:00+00:00,0,0,0.0,[]
2020-10-31 21:05:00+00:00,0,0,0.0,[]
2020-10-31 21:10:00+00:00,0,0,0.0,[]
2020-10-31 21:15:00+00:00,0,0,0.0,[]
2020-10-31 21:20:00+00:00,0,0,0.0,[]
2020-10-31 21:25:00+00:00,0,0,0.0,[]
2020-10-31 21:30:00+00:00,0,0,0.0,[]
2020-10-31 21:35:00+00:00,0,0,0.0,[]
2020-10-31 21:40:00+00:00,0,0,0.0,[]
2020-10-31 21:45:00+00:00,0,0,0.0,[]
2020-10-31 21:50:00+00:00,0,0,0.0,[]
2020-10-31 21:55:00+00:00,0,0,0.0,[]
2020-10-31 22:00:00+00:00,0,0,0.0,[]
2020-10-31 22:05:00+00:00,0,0,0.0,[]
2020-10-31 22:10:00+00:00,0,0,0.0,[]
2020-10-31 22:15:00+00:00,0,0,0.0,[]
2020-10-31 22:20:00+00:00,0,0,0.0,[]
2020-10-31 22:25:00+00:00,0,0,0.0,[]
2020-10-31 22:30:00+00:00,0,0,0.0,[]
2020-10-31 22:35:00+00:00,0,0,0.0,[]
2020-10-31 22:40:00+00:00,0,0,0.0,[]
2020-10-31 22:45:00+00:00,0,0,0.0,[]
2020-10-31 22:50:00+00:00,0,0,0.0,[]
2020-10-31 22:55:00+00:00,0,0,0.0,[]
2020-10-31 23:00:00+00:00,0,0,0.0,[]
2020-10-31 23:05:00+00:00,0,0,0.0,[]
2020-10-31 23:10:00+00:00,0,0,0.0,[]
2020-10-31 23:15:00+00:00,0,0,0.0,[]
2020-10-31 23:20:00+00:00,0,0,0.0,[]
2020-10-31 23:25:00+00:00,0,0,0.0,[]
2020-10-31 23:30:00+00:00,0,0,0.0,[]
2020-10-31 23:35:00+00:00,0,0,0.0,[]
2020-10-31 23:40:00+00:00,0,0,0.0,[]
2020-10-31 23:45:00+00:00,0,0,0.0,[]
2020-10-31 23:50:00+00:00,0,0,0.0,[]
2020-10-31 23:55:00+00:00,0,0,0.0,[]
2020-11-01 00:00:00+00:00,0,0,0.0,[]
2020-11-01 00:05:00+00:00,0,0,0.0,[]
2020-11-01 00:10:00+00:00,0,0,0.0,[]
2020-11-01 00:15:00+00:00,0,0,0.0,[]
2020-11-01 00:20:00+00:00,0,0,0.0,[]
2020-11-01 00:25:00+00:00,0,0,0.0,[]
2020-11-01 00:30:00+00:00,0,0,0.0,[]
2020-11-01 00:35:00+00:00,0,0,0.0,[]
2020-11-01 00:40:00+00:00,0,0,0.0,[]
2020-11-01 00:45:00+00:00,0,0,0.0,[]
2020-11-01 00:50:00+00:00,0,0,0.0,[]
2020-11-01 00:55:00+00:00,0,0,0.0,[]
2020-11-01 01:00:00+00:00,0,0,0.0,[]
2020-11-01 01:05:00+00:00,0,0,0.0,[]
2020-11-01 01:10:00+00:00,0,0,0.0,[]
2020-11-01 01:15:00+00:00,0,0,0.0,[]
2020-11-01 01:20:00+00:00,0,0,0.0,[]
2020-11-01 01:25:00+00:00,0,0,0.0,[]
2020-11-01 01:30:00+00:00,0,0,0.0,[]
2020-11-01 01:35:00+00:00,0,0,0.0,[]
2020-11-01 01:40:00+00:00,0,0,0.0,[]
2020-11-01 01:45:00+00:00,0,0,0.0,[]
2020-11-01 01:50:00+00:00,0,0,0.0,[]
2020-11-01 01:55:00+00:00,0,0,0.0,[]
2020-11-01 02:00:00+00:00,0,0,0.0,[]
2020-11-01 02:05:00+00:00,0,0,0.0,[]
2020-11-01 02:10:00+00:00,0,0,0.0,[]
2020-11-01 02:15:00+00:00,0,0,0.0,[]
2020-11-01 02:20:00+00:00,0,0,0.0,[]
2020-11-01 02:25:00+00:00,0,0,0.0,[]
2020-11-01 02:30:00+00:00,0,0,0.0,[]
2020-11-01 02:35:00+00:00,0,0,0.0,[]
2020-11-01 02:40:00+00:00,0,0,0.0,[]
2020-11-01 02:45:00+00:00,0,0,0.0,[]
2020-11-01 02:50:00+00:00,0,0,0.0,[]
2020-11-01 02:55:00+00:00,0,0,0.0,[]
2020-11-01 03:00:00+00:00,0,0,0.0,[]
2020-11-01 03:05:00+00:00,0,0,0.0,[]
2020-11-01 03:10:00+00:00,0,0,0.0,[]
2020-11-01 03:15:00+00:00,0,0,0.0,[]
2020-11-01 03:20:00+00:00,0,0,0.0,[]
2020-11-01 03:25:00+00:00,0,0,0.0,[]
2020-11-01 03:30:00+00:00,0,0,0.0,[]
2020-11-01 03:35:00+00:00,0,0,0.0,[]
2020-11-01 03:40:00+00:00,0,0,0.0,[]
2020-11-01 03:45:00+00:00,0,0,0.0,[]
2020-11-01 03:50:00+00:00,0,0,0.0,[]
2020-11-01 03:55:00+00:00,0,0,0.0,[]
2020-11-01 04:00:00+00:00,0,0,0.0,[]
2020-11-01 04:05:00+00:00,0,0,0.0,[]
2020-11-01 04:10:00+00:00,0,0,0.0,[]
2020-11-01 04:15:00+00:00,0,0,0.0,[]
2020-11-01 04:20:00+00:00,0,0,0.0,[]
2020-11-01 04:25:00+00:00,0,0,0.0,[]
2020-11-01 04:30:00+00:00,0,0,0.0,[]
2020-11-01 04:35:00+00:00,0,0,0.0,[]
2020-11-01 04:40:00+00:00,0,0,0.0,[]
2020-11-01 04:45:00+00:00,0,0,0.0,[]
2020-11-01 04:50:00+00:00,0,0,0.0,[]
2020-11-01 04:55:00+00:00,0,0,0.0,[]
2020-11-01 05:00:00+00:00,0,0,0.0,[]
2020-11-01 05:05:00+00:00,0,0,0.0,[]
2020-11-01 05:10:00+00:00,0,0,0.0,[]
2020-11-01 05:15:00+00:00,0,0,0.0,[]
2020-11-01 05:20:00+00:00,0,0,0.0,[]
2020-11-01 05:25:00+00:00,0,0,0.0,[]
2020-11-01 05:30:00+00:00,0,0,0.0,[]
2020-11-01 05:35:00+00:00,0,0,0.0,[]
2020-11-01 05:40:00+00:00,0,0,0.0,[]
2020-11-01 05:45:00+00:00,0,0,0.0,[]
2020-11-01 05:50:00+00:00,0,0,0.0,[]
2020-11-01 05:55:00+00:00,0,0,0.0,[]
2020-11-01 06:00:00+00:00,0,0,0.0,[]
2020-11-01 06:05:00+00:00,0,0,0.0,[]
2020-11-01 06:10:00+00:00,0,0,0.0,[]
2020-11-01 06:15:00+00:00,0,0,0.0,[]
2020-11-01 06:20:00+00:00,0,0,0.0,[]
2020-11-01 06:25:00+00:00,0,0,0.0,[]
2020-11-01 06:30:00+00:00,0,0,0.0,[]
2020-11-01 06:35:00+00:00,0,0,0.0,[]
2020-11-01 06:40:00+00:00,0,0,0.0,[]
2020-11-01 06:45:00+00:00,0,0,0.0,[]
2020-11-01 06:50:00+00:00,0,0,0.0,[]
2020-11-01 06:55:00+00:00,0,0,0.0,[]
2020-11-01 07:00:00+00:00,0,0,0.0,[]
2020-11-01 07:05:00+00:00,0,0,0.0,[]
2020-11-01 07:10:00+00:00,0,0,0.0,[]
2020-11-01 07:15:00+00:00,0,0,0.0,[]
2020-11-01 07:20:00+00:00,0,0,0.0,[]
2020-11-01 07:25:00+00:00,0,0,0.0,[]
2020-11-01 07:30:00+00:00,0,0,0.0,[]
2020-11-01 07:35:00+00:00,0,0,0.0,[]
2020-11-01 07:40:00+00:00,0,0,0.0,[]
2020-11-01 07:45:00+00:00,0,0,0.0,[]
2020-11-01 07:50:00+00:00,0,0,0.0,[]
2020-11-01 07:55:00+00:00,0,0,0.0,[]
2020-11-01 08:00:00+00:00,0,0,0.0,[]
2020-11-01 08:05:00+00:00,0,0,0.0,[]
2020-11-01 08:10:00+00:00,0,0,0.0,[]
2020-11-01 08:15:00+00:00,0,0,0.0,[]
2020-11-01 08:20:00+00:00,0,0,0.0,[]
2020-11-01 08:25:00+00:00,0,0,0.0,[]
2020-11-01 08:30:00+00:00,0,0,0.0,[]
2020-11-01 08:35:00+00:00,0,0,0.0,[]
2020-11-01 08:40:00+00:00,0,0,0.0,[]
2020-11-01 08:45:00+00:00,0,0,0.0,[]
2020-11-01 08:50:00+00:00,0,0,0.0,[]
2020-11-01 08:55:00+00:00,0,0,0.0,[]
2020-11-01 09:00:00+00:00,0,0,0.0,[]
2020-11-01 09:05:00+00:00,0,0,0.0,[]
2020-11-01 09:10:00+00:00,0,0,0.0,[]
2020-11-01 09:15:00+00:00,0,0,0.0,[]
2020-11-01 09:20:00+00:00,0,0,0.0,[]
2020-11-01 09:25:00+00:00,0,0,0.0,[]
2020-11-01 09:30:00+00:00,0,0,0.0,[]
2020-11-01 09:35:00+00:00,0,0,0.0,[]
2020-11-01 09:40:00+00:00,0,0,0.0,[]
2020-11-01 09:45:00+00:00,0,0,0.0,[]
2020-11-01 09:50:00+00:00,0,0,0.0,[]
2020-11-01 09:55:00+00:00,0,0,0.0,[]
2020-11-01 10:00:00+00:00,0,0,0.0,[]
2020-11-01 10:05:00+00:00,0,0,0.0,[]
2020-11-01 10:10:00+00:00,0,0,0.0,[]
2020-11-01 10:15:00+00:00,0,0,0.0,[]
2020-11-01 10:20:00+00:00,0,0,0.0,[]
2020-11-01 10:25:00+00:00,0,0,0.0,[]
2020-11-01 10:30:00+00:00,0,0,0.0,[]
2020-11-01 10:35:00+00:00,0,0,0.0,[]
2020-11-01 10:40:00+00:00,0,0,0.0,[]
2020-11-01 10:45:00+00:00,0,0,0.0,[]
2020-11-01 10:50:00+00:00,0,0,0.0,[]
2020-11-01 10:55:00+00:00,0,0,0.0,[]
2020-11-01 11:00:00+00:00,0,0,0.0,[]
2020-11-01 11:05:00+00:00,0,0,0.0,[]
2020-11-01 11:10:00+00:00,0,0,0.0,[]
2020-11-01 11:15:00+00:00,0,0,0.0,[]
2020-11-01 11:20:00+00:00,0,0,0.0,[]
2020-11-01 11:25:00+00:00,0,0,0.0,[]
2020-11-01 11:30:00+00:00,0,0,0.0,[]
2020-11-01 11:35:00+00:00,0,0,0.0,[]
2020-11-01 11:40:00+00:00,0,0,0.0,[]
2020-11-01 11:45:00+00:00,0,0,0.0,[]
2020-11-01 11:50:00+00:00,0,0,0.0,[]
2020-11-01 11:55:00+00:00,0,0,0.0,[]
2020-11-01 12:00:00+00:00,0,0,0.0,[]
2020-11-01 12:05:00+00:00,0,0,0.0,[]
2020-11-01 12:10:00+00:00,0,0,0.0,[]
2020-11-01 12:15:00+00:00,0,0,0.0,[]
2020-11-01 12:20:00+00:00,0,0,0.0,[]
2020-11-01 12:25:00+00:00,0,0,0.0,[]
2020-11-01 12:30:00+00:00,0,0,0.0,[]
2020-11-01 12:35:00+00:00,0,0,0.0,[]
2020-11-01 12:40:00+00:00,0,0,0.0,[]
2020-11-01 12:45:00+00:00,0,0,0.0,[]
2020-11-01 12:50:00+00:00,0,0,0.0,[]
2020-11-01 12:55:00+00:00,0,0,0.0,[]
2020-11-01 13:00:00+00:00,410,0,1.0,[410]
2020-11-01 13:05:00+00:00,0,0,0.0,[]
2020-11-01 13:10:00+00:00,0,0,0.0,[]
2020-11-01 13:15:00+00:00,0,0,0.0,[]
2020-11-01 13:20:00+00:00,0,0,0.0,[]
2020-11-01 13:25:00+00:00,0,0,0.0,[]
2020-11-01 13:30:00+00:00,0,0,0.0,[]
2020-11-01 13:35:00+00:00,0,0,0.0,[]
2020-11-01 13:40:00+00:00,0,0,0.0,[]
2020-11-01 13:45:00+00:00,0,0,0.0,[]
2020-11-01 13:50:00+00:00,0,0,0.0,[]
2020-11-01 13:55:00+00:00,0,0,0.0,[]
2020-11-01 14:00:00+00:00,0,0,0.0,[]
2020-11-01 14:05:00+00:00,0,0,0.0,[]
2020-11-01 14:10:00+00:00,0,0,0.0,[]
2020-11-01 14:15:00+00:00,0,0,0.0,[]
2020-11-01 14:20:00+00:00,0,0,0.0,[]
2020-11-01 14:25:00+00:00,0,0,0.0,[]
2020-11-01 14:30:00+00:00,0,0,0.0,[]
2020-11-01 14:35:00+00:00,0,0,0.0,[]
2020-11-01 14:40:00+00:00,0,0,0.0,[]
2020-11-01 14:45:00+00:00,0,0,0.0,[]
2020-11-01 14:50:00+00:00,0,0,0.0,[]
2020-11-01 14:55:00+00:00,0,0,0.0,[]
2020-11-01 15:00:00+00:00,0,0,0.0,[]
2020-11-01 15:05:00+00:00,0,0,0.0,[]
2020-11-01 15:10:00+00:00,0,0,0.0,[]
2020-11-01 15:15:00+00:00,0,0,0.0,[]
2020-11-01 15:20:00+00:00,0,0,0.0,[]
2020-11-01 15:25:00+00:00,0,0,0.0,[]
2020-11-01 15:30:00+00:00,0,0,0.0,[]
2020-11-01 15:35:00+00:00,0,0,0.0,[]
2020-11-01 15:40:00+00:00,0,0,0.0,[]
2020-11-01 15:45:00+00:00,0,0,0.0,[]
2020-11-01 15:50:00+00:00,0,0,0.0,[]
2020-11-01 15:55:00+00:00,0,0,0.0,[]
2020-11-01 16:00:00+00:00,0,0,0.0,[]
2020-11-01 16:05:00+00:00,0,0,0.0,[]
2020-11-01 16:10:00+00:00,0,0,0.0,[]
2020-11-01 16:15:00+00:00,0,0,0.0,[]
2020-11-01 16:20:00+00:00,0,0,0.0,[]
2020-11-01 16:25:00+00:00,0,0,0.0,[]
2020-11-01 16:30:00+00:00,0,0,0.0,[]
2020-11-01 16:35:00+00:00,0,0,0.0,[]
2020-11-01 16:40:00+00:00,0,0,0.0,[]
2020-11-01 16:45:00+00:00,0,0,0.0,[]
2020-11-01 16:50:00+00:00,0,0,0.0,[]
2020-11-01 16:55:00+00:00,0,0,0.0,[]
2020-11-01 17:00:00+00:00,0,0,0.0,[]
2020-11-01 17:05:00+00:00,0,0,0.0,[]
2020-11-01 17:10:00+00:00,0,0,0.0,[]
2020-11-01 17:15:00+00:00,0,0,0.0,[]
2020-11-01 17:20:00+00:00,0,0,0.0,[]
2020-11-01 17:25:00+00:00,0,0,0.0,[]
2020-11-01 17:30:00+00:00,0,0,0.0,[]
2020-11-01 17:35:00+00:00,0,0,0.0,[]
2020-11-01 17:40:00+00:00,0,0,0.0,[]
2020-11-01 17:45:00+00:00,0,0,0.0,[]
2020-11-01 17:50:00+00:00,0,0,0.0,[]
2020-11-01 17:55:00+00:00,0,0,0.0,[]
2020-11-01 18:00:00+00:00,0,0,0.0,[]
2020-11-01 18:05:00+00:00,0,0,0.0,[]
2020-11-01 18:10:00+00:00,0,0,0.0,[]
2020-11-01 18:15:00+00:00,0,0,0.0,[]
2020-11-01 18:20:00+00:00,0,0,0.0,[]
2020-11-01 18:25:00+00:00,0,0,0.0,[]
2020-11-01 18:30:00+00:00,0,0,0.0,[]
2020-11-01 18:35:00+00:00,0,0,0.0,[]
2020-11-01 18:40:00+00:00,0,0,0.0,[]
2020-11-01 18:45:00+00:00,0,0,0.0,[]
2020-11-01 18:50:00+00:00,0,0,0.0,[]
2020-11-01 18:55:00+00:00,0,0,0.0,[]
2020-11-01 19:00:00+00:00,0,0,0.0,[]
2020-11-01 19:05:00+00:00,0,0,0.0,[]
2020-11-01 19:10:00+00:00,0,0,0.0,[]
2020-11-01 19:15:00+00:00,0,0,0.0,[]
2020-11-01 19:20:00+00:00,0,0,0.0,[]
2020-11-01 19:25:00+00:00,0,0,0.0,[]
2020-11-01 19:30:00+00:00,0,0,0.0,[]
2020-11-01 19:35:00+00:00,0,0,0.0,[]
2020-11-01 19:40:00+00:00,0,0,0.0,[]
2020-11-01 19:45:00+00:00,0,0,0.0,[]
2020-11-01 19:50:00+00:00,0,0,0.0,[]
2020-11-01 19:55:00+00:00,0,0,0.0,[]
2020-11-01 20:00:00+00:00,0,0,0.0,[]
2020-11-01 20:05:00+00:00,0,0,0.0,[]
2020-11-01 20:10:00+00:00,0,0,0.0,[]
2020-11-01 20:15:00+00:00,0,0,0.0,[]
2020-11-01 20:20:00+00:00,0,0,0.0,[]
2020-11-01 20:25:00+00:00,0,0,0.0,[]
2020-11-01 20:30:00+00:00,0,0,0.0,[]
2020-11-01 20:35:00+00:00,0,0,0.0,[]
2020-11-01 20:40:00+00:00,0,0,0.0,[]
2020-11-01 20:45:00+00:00,0,0,0.0,[]
2020-11-01 20:50:00+00:00,0,0,0.0,[]
2020-11-01 20:55:00+00:00,0,0,0.0,[]
2020-11-01 21:00:00+00:00,0,0,0.0,[]
2020-11-01 21:05:00+00:00,0,0,0.0,[]
2020-11-01 21:10:00+00:00,0,0,0.0,[]
2020-11-01 21:15:00+00:00,0,0,0.0,[]
2020-11-01 21:20:00+00:00,0,0,0.0,[]
2020-11-01 21:25:00+00:00,0,0,0.0,[]
2020-11-01 21:30:00+00:00,0,0,0.0,[]
2020-11-01 21:35:00+00:00,0,0,0.0,[]
2020-11-01 21:40:00+00:00,0,0,0.0,[]
2020-11-01 21:45:00+00:00,0,0,0.0,[]
2020-11-01 21:50:00+00:00,0,0,0.0,[]
2020-11-01 21:55:00+00:00,0,0,0.0,[]
2020-11-01 22:00:00+00:00,0,0,0.0,[]
2020-11-01 22:05:00+00:00,0,0,0.0,[]
2020-11-01 22:10:00+00:00,0,0,0.0,[]
2020-11-01 22:15:00+00:00,0,0,0.0,[]
2020-11-01 22:20:00+00:00,0,0,0.0,[]
2020-11-01 22:25:00+00:00,0,0,0.0,[]
2020-11-01 22:30:00+00:00,0,0,0.0,[]
2020-11-01 22:35:00+00:00,0,0,0.0,[]
2020-11-01 22:40:00+00:00,0,0,0.0,[]
2020-11-01 22:45:00+00:00,0,0,0.0,[]
2020-11-01 22:50:00+00:00,0,0,0.0,[]
2020-11-01 22:55:00+00:00,0,0,0.0,[]
2020-11-01 23:00:00+00:00,0,0,0.0,[]
2020-11-01 23:05:00+00:00,0,0,0.0,[]
2020-11-01 23:10:00+00:00,0,0,0.0,[]
2020-11-01 23:15:00+00:00,0,0,0.0,[]
2020-11-01 23:20:00+00:00,0,0,0.0,[]
2020-11-01 23:25:00+00:00,0,0,0.0,[]
2020-11-01 23:30:00+00:00,0,0,0.0,[]
2020-11-01 23:35:00+00:00,0,0,0.0,[]
2020-11-01 23:40:00+00:00,0,0,0.0,[]
2020-11-01 23:45:00+00:00,0,0,0.0,[]
2020-11-01 23:50:00+00:00,0,0,0.0,[]
2020-11-01 23:55:00+00:00,0,0,0.0,[]
2020-11-02 00:00:00+00:00,0,0,0.0,[]
2020-11-02 00:05:00+00:00,0,0,0.0,[]
2020-11-02 00:10:00+00:00,0,0,0.0,[]
2020-11-02 00:15:00+00:00,0,0,0.0,[]
2020-11-02 00:20:00+00:00,0,0,0.0,[]
2020-11-02 00:25:00+00:00,0,0,0.0,[]
2020-11-02 00:30:00+00:00,0,0,0.0,[]
2020-11-02 00:35:00+00:00,0,0,0.0,[]
2020-11-02 00:40:00+00:00,0,0,0.0,[]
2020-11-02 00:45:00+00:00,0,0,0.0,[]
2020-11-02 00:50:00+00:00,0,0,0.0,[]
2020-11-02 00:55:00+00:00,0,0,0.0,[]
2020-11-02 01:00:00+00:00,0,0,0.0,[]
2020-11-02 01:05:00+00:00,0,0,0.0,[]
2020-11-02 01:10:00+00:00,0,0,0.0,[]
2020-11-02 01:15:00+00:00,0,0,0.0,[]
2020-11-02 01:20:00+00:00,0,0,0.0,[]
2020-11-02 01:25:00+00:00,0,0,0.0,[]
2020-11-02 01:30:00+00:00,0,0,0.0,[]
2020-11-02 01:35:00+00:00,0,0,0.0,[]
2020-11-02 01:40:00+00:00,0,0,0.0,[]
2020-11-02 01:45:00+00:00,0,0,0.0,[]
2020-11-02 01:50:00+00:00,0,0,0.0,[]
2020-11-02 01:55:00+00:00,0,0,0.0,[]
2020-11-02 02:00:00+00:00,0,0,0.0,[]
2020-11-02 02:05:00+00:00,0,0,0.0,[]
2020-11-02 02:10:00+00:00,0,0,0.0,[]
2020-11-02 02:15:00+00:00,0,0,0.0,[]
2020-11-02 02:20:00+00:00,0,0,0.0,[]
2020-11-02 02:25:00+00:00,0,0,0.0,[]
2020-11-02 02:30:00+00:00,0,0,0.0,[]
2020-11-02 02:35:00+00:00,0,0,0.0,[]
2020-11-02 02:40:00+00:00,0,0,0.0,[]
2020-11-02 02:45:00+00:00,0,0,0.0,[]
2020-11-02 02:50:00+00:00,0,0,0.0,[]
2020-11-02 02:55:00+00:00,0,0,0.0,[]
2020-11-02 03:00:00+00:00,0,0,0.0,[]
2020-11-02 03:05:00+00:00,0,0,0.0,[]
2020-11-02 03:10:00+00:00,0,0,0.0,[]
2020-11-02 03:15:00+00:00,0,0,0.0,[]
2020-11-02 03:20:00+00:00,0,0,0.0,[]
2020-11-02 03:25:00+00:00,0,0,0.0,[]
2020-11-02 03:30:00+00:00,0,0,0.0,[]
2020-11-02 03:35:00+00:00,0,0,0.0,[]
2020-11-02 03:40:00+00:00,0,0,0.0,[]
2020-11-02 03:45:00+00:00,0,0,0.0,[]
2020-11-02 03:50:00+00:00,0,0,0.0,[]
2020-11-02 03:55:00+00:00,0,0,0.0,[]
2020-11-02 04:00:00+00:00,0,0,0.0,[]
2020-11-02 04:05:00+00:00,0,0,0.0,[]
2020-11-02 04:10:00+00:00,0,0,0.0,[]
2020-11-02 04:15:00+00:00,0,0,0.0,[]
2020-11-02 04:20:00+00:00,0,0,0.0,[]
2020-11-02 04:25:00+00:00,0,0,0.0,[]
2020-11-02 04:30:00+00:00,0,0,0.0,[]
2020-11-02 04:35:00+00:00,0,0,0.0,[]
2020-11-02 04:40:00+00:00,0,0,0.0,[]
2020-11-02 04:45:00+00:00,0,0,0.0,[]
2020-11-02 04:50:00+00:00,0,0,0.0,[]
2020-11-02 04:55:00+00:00,0,0,0.0,[]
2020-11-02 05:00:00+00:00,0,0,0.0,[]
2020-11-02 05:05:00+00:00,0,0,0.0,[]
2020-11-02 05:10:00+00:00,0,0,0.0,[]
2020-11-02 05:15:00+00:00,0,0,0.0,[]
2020-11-02 05:20:00+00:00,0,0,0.0,[]
2020-11-02 05:25:00+00:00,0,0,0.0,[]
2020-11-02 05:30:00+00:00,0,0,0.0,[]
2020-11-02 05:35:00+00:00,0,0,0.0,[]
2020-11-02 05:40:00+00:00,0,0,0.0,[]
2020-11-02 05:45:00+00:00,0,0,0.0,[]
2020-11-02 05:50:00+00:00,0,0,0.0,[]
2020-11-02 05:55:00+00:00,0,0,0.0,[]
2020-11-02 06:00:00+00:00,0,0,0.0,[]
2020-11-02 06:05:00+00:00,0,0,0.0,[]
2020-11-02 06:10:00+00:00,0,0,0.0,[]
2020-11-02 06:15:00+00:00,0,0,0.0,[]
2020-11-02 06:20:00+00:00,0,0,0.0,[]
2020-11-02 06:25:00+00:00,0,0,0.0,[]
2020-11-02 06:30:00+00:00,0,0,0.0,[]
2020-11-02 06:35:00+00:00,0,0,0.0,[]
2020-11-02 06:40:00+00:00,0,0,0.0,[]
2020-11-02 06:45:00+00:00,0,0,0.0,[]
2020-11-02 06:50:00+00:00,0,0,0.0,[]
2020-11-02 06:55:00+00:00,0,0,0.0,[]
2020-11-02 07:00:00+00:00,0,0,0.0,[]
2020-11-02 07:05:00+00:00,0,0,0.0,[]
2020-11-02 07:10:00+00:00,0,0,0.0,[]
2020-11-02 07:15:00+00:00,0,0,0.0,[]
2020-11-02 07:20:00+00:00,0,0,0.0,[]
2020-11-02 07:25:00+00:00,0,0,0.0,[]
2020-11-02 07:30:00+00:00,0,0,0.0,[]
2020-11-02 07:35:00+00:00,0,0,0.0,[]
2020-11-02 07:40:00+00:00,0,0,0.0,[]
2020-11-02 07:45:00+00:00,0,0,0.0,[]
2020-11-02 07:50:00+00:00,0,0,0.0,[]
2020-11-02 07:55:00+00:00,0,0,0.0,[]
2020-11-02 08:00:00+00:00,0,0,0.0,[]
2020-11-02 08:05:00+00:00,0,0,0.0,[]
2020-11-02 08:10:00+00:00,0,0,0.0,[]
2020-11-02 08:15:00+00:00,0,0,0.0,[]
2020-11-02 08:20:00+00:00,0,0,0.0,[]
2020-11-02 08:25:00+00:00,0,0,0.0,[]
2020-11-02 08:30:00+00:00,0,0,0.0,[]
2020-11-02 08:35:00+00:00,0,0,0.0,[]
2020-11-02 08:40:00+00:00,0,0,0.0,[]
2020-11-02 08:45:00+00:00,0,0,0.0,[]
2020-11-02 08:50:00+00:00,0,0,0.0,[]
2020-11-02 08:55:00+00:00,0,0,0.0,[]
2020-11-02 09:00:00+00:00,0,0,0.0,[]
2020-11-02 09:05:00+00:00,0,0,0.0,[]
2020-11-02 09:10:00+00:00,0,0,0.0,[]
2020-11-02 09:15:00+00:00,0,0,0.0,[]
2020-11-02 09:20:00+00:00,0,0,0.0,[]
2020-11-02 09:25:00+00:00,0,0,0.0,[]
2020-11-02 09:30:00+00:00,0,0,0.0,[]
2020-11-02 09:35:00+00:00,0,0,0.0,[]
2020-11-02 09:40:00+00:00,0,0,0.0,[]
2020-11-02 09:45:00+00:00,0,0,0.0,[]
2020-11-02 09:50:00+00:00,0,0,0.0,[]
2020-11-02 09:55:00+00:00,0,0,0.0,[]
2020-11-02 10:00:00+00:00,0,0,0.0,[]
2020-11-02 10:05:00+00:00,0,0,0.0,[]
2020-11-02 10:10:00+00:00,0,0,0.0,[]
2020-11-02 10:15:00+00:00,0,0,0.0,[]
2020-11-02 10:20:00+00:00,0,0,0.0,[]
2020-11-02 10:25:00+00:00,0,0,0.0,[]
2020-11-02 10:30:00+00:00,0,0,0.0,[]
2020-11-02 10:35:00+00:00,0,0,0.0,[]
2020-11-02 10:40:00+00:00,0,0,0.0,[]
2020-11-02 10:45:00+00:00,0,0,0.0,[]
2020-11-02 10:50:00+00:00,0,0,0.0,[]
2020-11-02 10:55:00+00:00,0,0,0.0,[]
2020-11-02 11:00:00+00:00,0,0,0.0,[]
2020-11-02 11:05:00+00:00,0,0,0.0,[]
2020-11-02 11:10:00+00:00,0,0,0.0,[]
2020-11-02 11:15:00+00:00,0,0,0.0,[]
2020-11-02 11:20:00+00:00,0,0,0.0,[]
2020-11-02 11:25:00+00:00,0,0,0.0,[]
2020-11-02 11:30:00+00:00,0,0,0.0,[]
2020-11-02 11:35:00+00:00,0,0,0.0,[]
2020-11-02 11:40:00+00:00,0,0,0.0,[]
2020-11-02 11:45:00+00:00,0,0,0.0,[]
2020-11-02 11:50:00+00:00,0,0,0.0,[]
2020-11-02 11:55:00+00:00,0,0,0.0,[]
2020-11-02 12:00:00+00:00,0,0,0.0,[]
2020-11-02 12:05:00+00:00,0,0,0.0,[]
2020-11-02 12:10:00+00:00,0,0,0.0,[]
2020-11-02 12:15:00+00:00,0,0,0.0,[]
2020-11-02 12:20:00+00:00,0,0,0.0,[]
2020-11-02 12:25:00+00:00,0,0,0.0,[]
2020-11-02 12:30:00+00:00,0,0,0.0,[]
2020-11-02 12:35:00+00:00,0,0,0.0,[]
2020-11-02 12:40:00+00:00,0,0,0.0,[]
2020-11-02 12:45:00+00:00,0,0,0.0,[]
2020-11-02 12:50:00+00:00,0,0,0.0,[]
2020-11-02 12:55:00+00:00,0,0,0.0,[]
2020-11-02 13:00:00+00:00,0,0,0.0,[]
2020-11-02 13:05:00+00:00,0,0,0.0,[]
2020-11-02 13:10:00+00:00,0,0,0.0,[]
2020-11-02 13:15:00+00:00,0,0,0.0,[]
2020-11-02 13:20:00+00:00,0,0,0.0,[]
2020-11-02 13:25:00+00:00,0,0,0.0,[]
2020-11-02 13:30:00+00:00,0,0,0.0,[]
2020-11-02 13:35:00+00:00,0,0,0.0,[]
2020-11-02 13:40:00+00:00,0,0,0.0,[]
2020-11-02 13:45:00+00:00,0,0,0.0,[]
2020-11-02 13:50:00+00:00,0,0,0.0,[]
2020-11-02 13:55:00+00:00,0,0,0.0,[]
2020-11-02 14:00:00+00:00,0,0,0.0,[]
2020-11-02 14:05:00+00:00,0,0,0.0,[]
2020-11-02 14:10:00+00:00,0,0,0.0,[]
2020-11-02 14:15:00+00:00,0,0,0.0,[]
2020-11-02 14:20:00+00:00,0,0,0.0,[]
2020-11-02 14:25:00+00:00,0,0,0.0,[]
2020-11-02 14:30:00+00:00,0,0,0.0,[]
2020-11-02 14:35:00+00:00,0,0,0.0,[]
2020-11-02 14:40:00+00:00,0,0,0.0,[]
2020-11-02 14:45:00+00:00,0,0,0.0,[]
2020-11-02 14:50:00+00:00,0,0,0.0,[]
2020-11-02 14:55:00+00:00,0,0,0.0,[]
2020-11-02 15:00:00+00:00,0,0,0.0,[]
2020-11-02 15:05:00+00:00,0,0,0.0,[]
2020-11-02 15:10:00+00:00,0,0,0.0,[]
2020-11-02 15:15:00+00:00,0,0,0.0,[]
2020-11-02 15:20:00+00:00,0,0,0.0,[]
2020-11-02 15:25:00+00:00,0,0,0.0,[]
2020-11-02 15:30:00+00:00,0,0,0.0,[]
2020-11-02 15:35:00+00:00,0,0,0.0,[]
2020-11-02 15:40:00+00:00,0,0,0.0,[]
2020-11-02 15:45:00+00:00,0,0,0.0,[]
2020-11-02 15:50:00+00:00,0,0,0.0,[]
2020-11-02 15:55:00+00:00,0,0,0.0,[]
2020-11-02 16:00:00+00:00,0,0,0.0,[]
2020-11-02 16:05:00+00:00,0,0,0.0,[]
2020-11-02 16:10:00+00:00,0,0,0.0,[]
2020-11-02 16:15:00+00:00,0,0,0.0,[]
2020-11-02 16:20:00+00:00,0,0,0.0,[]
2020-11-02 16:25:00+00:00,0,0,0.0,[]
2020-11-02 16:30:00+00:00,0,0,0.0,[]
2020-11-02 16:35:00+00:00,0,0,0.0,[]
2020-11-02 16:40:00+00:00,0,0,0.0,[]
2020-11-02 16:45:00+00:00,0,0,0.0,[]
2020-11-02 16:50:00+00:00,0,0,0.0,[]
2020-11-02 16:55:00+00:00,0,0,0.0,[]
2020-11-02 17:00:00+00:00,0,0,0.0,[]
2020-11-02 17:05:00+00:00,0,0,0.0,[]
2020-11-02 17:10:00+00:00,0,0,0.0,[]
2020-11-02 17:15:00+00:00,0,0,0.0,[]
2020-11-02 17:20:00+00:00,0,0,0.0,[]
2020-11-02 17:25:00+00:00,0,0,0.0,[]
2020-11-02 17:30:00+00:00,0,0,0.0,[]
2020-11-02 17:35:00+00:00,0,0,0.0,[]
2020-11-02 17:40:00+00:00,0,0,0.0,[]
2020-11-02 17:45:00+00:00,0,0,0.0,[]
2020-11-02 17:50:00+00:00,0,0,0.0,[]
2020-11-02 17:55:00+00:00,0,0,0.0,[]
2020-11-02 18:00:00+00:00,0,0,0.0,[]
2020-11-02 18:05:00+00:00,20,0,1.0,[20]
2020-11-02 18:10:00+00:00,0,0,0.0,[]
2020-11-02 18:15:00+00:00,0,0,0.0,[]
2020-11-02 18:20:00+00:00,0,0,0.0,[]
2020-11-02 18:25:00+00:00,0,0,0.0,[]
2020-11-02 18:30:00+00:00,0,0,0.0,[]
2020-11-02 18:35:00+00:00,0,0,0.0,[]
2020-11-02 18:40:00+00:00,0,0,0.0,[]
2020-11-02 18:45:00+00:00,0,0,0.0,[]
2020-11-02 18:50:00+00:00,0,0,0.0,[]
2020-11-02 18:55:00+00:00,0,0,0.0,[]
2020-11-02 19:00:00+00:00,0,0,0.0,[]
2020-11-02 19:05:00+00:00,0,0,0.0,[]
2020-11-02 19:10:00+00:00,0,0,0.0,[]
2020-11-02 19:15:00+00:00,0,0,0.0,[]
2020-11-02 19:20:00+00:00,0,0,0.0,[]
2020-11-02 19:25:00+00:00,0,0,0.0,[]
2020-11-02 19:30:00+00:00,0,0,0.0,[]
2020-11-02 19:35:00+00:00,0,0,0.0,[]
2020-11-02 19:40:00+00:00,0,0,0.0,[]
2020-11-02 19:45:00+00:00,0,0,0.0,[]
2020-11-02 19:50:00+00:00,0,0,0.0,[]
2020-11-02 19:55:00+00:00,0,0,0.0,[]
2020-11-02 20:00:00+00:00,0,0,0.0,[]
2020-11-02 20:05:00+00:00,0,0,0.0,[]
2020-11-02 20:10:00+00:00,0,0,0.0,[]
2020-11-02 20:15:00+00:00,0,0,0.0,[]
2020-11-02 20:20:00+00:00,0,0,0.0,[]
2020-11-02 20:25:00+00:00,0,0,0.0,[]
2020-11-02 20:30:00+00:00,0,0,0.0,[]
2020-11-02 20:35:00+00:00,0,0,0.0,[]
2020-11-02 20:40:00+00:00,0,0,0.0,[]
2020-11-02 20:45:00+00:00,0,0,0.0,[]
2020-11-02 20:50:00+00:00,0,0,0.0,[]
2020-11-02 20:55:00+00:00,0,0,0.0,[]
2020-11-02 21:00:00+00:00,0,0,0.0,[]
2020-11-02 21:05:00+00:00,0,0,0.0,[]
2020-11-02 21:10:00+00:00,0,0,0.0,[]
2020-11-02 21:15:00+00:00,0,0,0.0,[]
2020-11-02 21:20:00+00:00,0,0,0.0,[]
2020-11-02 21:25:00+00:00,0,0,0.0,[]
2020-11-02 21:30:00+00:00,0,0,0.0,[]
2020-11-02 21:35:00+00:00,0,0,0.0,[]
2020-11-02 21:40:00+00:00,0,0,0.0,[]
2020-11-02 21:45:00+00:00,0,0,0.0,[]
2020-11-02 21:50:00+00:00,0,0,0.0,[]
2020-11-02 21:55:00+00:00,0,0,0.0,[]
2020-11-02 22:00:00+00:00,0,0,0.0,[]
2020-11-02 22:05:00+00:00,0,0,0.0,[]
2020-11-02 22:10:00+00:00,0,0,0.0,[]
2020-11-02 22:15:00+00:00,0,0,0.0,[]
2020-11-02 22:20:00+00:00,0,0,0.0,[]
2020-11-02 22:25:00+00:00,0,0,0.0,[]
2020-11-02 22:30:00+00:00,0,0,0.0,[]
2020-11-02 22:35:00+00:00,0,0,0.0,[]
2020-11-02 22:40:00+00:00,0,0,0.0,[]
2020-11-02 22:45:00+00:00,0,0,0.0,[]
2020-11-02 22:50:00+00:00,0,0,0.0,[]
2020-11-02 22:55:00+00:00,0,0,0.0,[]
2020-11-02 23:00:00+00:00,0,0,0.0,[]
2020-11-02 23:05:00+00:00,0,0,0.0,[]
2020-11-02 23:10:00+00:00,0,0,0.0,[]
2020-11-02 23:15:00+00:00,0,0,0.0,[]
2020-11-02 23:20:00+00:00,0,0,0.0,[]
2020-11-02 23:25:00+00:00,0,0,0.0,[]
2020-11-02 23:30:00+00:00,0,0,0.0,[]
2020-11-02 23:35:00+00:00,0,0,0.0,[]
2020-11-02 23:40:00+00:00,0,0,0.0,[]
2020-11-02 23:45:00+00:00,0,0,0.0,[]
2020-11-02 23:50:00+00:00,0,0,0.0,[]
2020-11-02 23:55:00+00:00,0,0,0.0,[]
2020-11-03 00:00:00+00:00,0,0,0.0,[]
2020-11-03 00:05:00+00:00,0,0,0.0,[]
2020-11-03 00:10:00+00:00,0,0,0.0,[]
2020-11-03 00:15:00+00:00,0,0,0.0,[]
2020-11-03 00:20:00+00:00,0,0,0.0,[]
2020-11-03 00:25:00+00:00,0,0,0.0,[]
2020-11-03 00:30:00+00:00,0,0,0.0,[]
2020-11-03 00:35:00+00:00,0,0,0.0,[]
2020-11-03 00:40:00+00:00,0,0,0.0,[]
2020-11-03 00:45:00+00:00,0,0,0.0,[]
2020-11-03 00:50:00+00:00,0,0,0.0,[]
2020-11-03 00:55:00+00:00,0,0,0.0,[]
2020-11-03 01:00:00+00:00,0,0,0.0,[]
2020-11-03 01:05:00+00:00,0,0,0.0,[]
2020-11-03 01:10:00+00:00,0,0,0.0,[]
2020-11-03 01:15:00+00:00,0,0,0.0,[]
2020-11-03 01:20:00+00:00,0,0,0.0,[]
2020-11-03 01:25:00+00:00,0,0,0.0,[]
2020-11-03 01:30:00+00:00,0,0,0.0,[]
2020-11-03 01:35:00+00:00,0,0,0.0,[]
2020-11-03 01:40:00+00:00,0,0,0.0,[]
2020-11-03 01:45:00+00:00,0,0,0.0,[]
2020-11-03 01:50:00+00:00,0,0,0.0,[]
2020-11-03 01:55:00+00:00,0,0,0.0,[]
2020-11-03 02:00:00+00:00,0,0,0.0,[]
2020-11-03 02:05:00+00:00,0,0,0.0,[]
2020-11-03 02:10:00+00:00,0,0,0.0,[]
2020-11-03 02:15:00+00:00,0,0,0.0,[]
2020-11-03 02:20:00+00:00,0,0,0.0,[]
2020-11-03 02:25:00+00:00,0,0,0.0,[]
2020-11-03 02:30:00+00:00,0,0,0.0,[]
2020-11-03 02:35:00+00:00,0,0,0.0,[]
2020-11-03 02:40:00+00:00,0,0,0.0,[]
2020-11-03 02:45:00+00:00,0,0,0.0,[]
2020-11-03 02:50:00+00:00,0,0,0.0,[]
2020-11-03 02:55:00+00:00,0,0,0.0,[]
2020-11-03 03:00:00+00:00,0,0,0.0,[]
2020-11-03 03:05:00+00:00,0,0,0.0,[]
2020-11-03 03:10:00+00:00,0,0,0.0,[]
2020-11-03 03:15:00+00:00,0,0,0.0,[]
2020-11-03 03:20:00+00:00,0,0,0.0,[]
2020-11-03 03:25:00+00:00,0,0,0.0,[]
2020-11-03 03:30:00+00:00,0,0,0.0,[]
2020-11-03 03:35:00+00:00,0,0,0.0,[]
2020-11-03 03:40:00+00:00,0,0,0.0,[]
2020-11-03 03:45:00+00:00,0,0,0.0,[]
2020-11-03 03:50:00+00:00,0,0,0.0,[]
2020-11-03 03:55:00+00:00,0,0,0.0,[]
2020-11-03 04:00:00+00:00,0,0,0.0,[]
2020-11-03 04:05:00+00:00,0,0,0.0,[]
2020-11-03 04:10:00+00:00,0,0,0.0,[]
2020-11-03 04:15:00+00:00,0,0,0.0,[]
2020-11-03 04:20:00+00:00,0,0,0.0,[]
2020-11-03 04:25:00+00:00,0,0,0.0,[]
2020-11-03 04:30:00+00:00,0,0,0.0,[]
2020-11-03 04:35:00+00:00,0,0,0.0,[]
2020-11-03 04:40:00+00:00,0,0,0.0,[]
2020-11-03 04:45:00+00:00,0,0,0.0,[]
2020-11-03 04:50:00+00:00,0,0,0.0,[]
2020-11-03 04:55:00+00:00,0,0,0.0,[]
2020-11-03 05:00:00+00:00,0,0,0.0,[]
2020-11-03 05:05:00+00:00,0,0,0.0,[]
2020-11-03 05:10:00+00:00,0,0,0.0,[]
2020-11-03 05:15:00+00:00,0,0,0.0,[]
2020-11-03 05:20:00+00:00,0,0,0.0,[]
2020-11-03 05:25:00+00:00,0,0,0.0,[]
2020-11-03 05:30:00+00:00,0,0,0.0,[]
2020-11-03 05:35:00+00:00,0,0,0.0,[]
2020-11-03 05:40:00+00:00,0,0,0.0,[]
2020-11-03 05:45:00+00:00,0,0,0.0,[]
2020-11-03 05:50:00+00:00,0,0,0.0,[]
2020-11-03 05:55:00+00:00,0,0,0.0,[]
2020-11-03 06:00:00+00:00,0,0,0.0,[]
2020-11-03 06:05:00+00:00,0,0,0.0,[]
2020-11-03 06:10:00+00:00,0,0,0.0,[]
2020-11-03 06:15:00+00:00,0,0,0.0,[]
2020-11-03 06:20:00+00:00,0,0,0.0,[]
2020-11-03 06:25:00+00:00,0,0,0.0,[]
2020-11-03 06:30:00+00:00,0,0,0.0,[]
2020-11-03 06:35:00+00:00,0,0,0.0,[]
2020-11-03 06:40:00+00:00,0,0,0.0,[]
2020-11-03 06:45:00+00:00,0,0,0.0,[]
2020-11-03 06:50:00+00:00,0,0,0.0,[]
2020-11-03 06:55:00+00:00,0,0,0.0,[]
2020-11-03 07:00:00+00:00,0,0,0.0,[]
2020-11-03 07:05:00+00:00,0,0,0.0,[]
2020-11-03 07:10:00+00:00,0,0,0.0,[]
2020-11-03 07:15:00+00:00,0,0,0.0,[]
2020-11-03 07:20:00+00:00,0,0,0.0,[]
2020-11-03 07:25:00+00:00,0,0,0.0,[]
2020-11-03 07:30:00+00:00,0,0,0.0,[]
2020-11-03 07:35:00+00:00,0,0,0.0,[]
2020-11-03 07:40:00+00:00,0,0,0.0,[]
2020-11-03 07:45:00+00:00,0,0,0.0,[]
2020-11-03 07:50:00+00:00,0,0,0.0,[]
2020-11-03 07:55:00+00:00,0,0,0.0,[]
2020-11-03 08:00:00+00:00,0,0,0.0,[]
2020-11-03 08:05:00+00:00,0,0,0.0,[]
2020-11-03 08:10:00+00:00,0,0,0.0,[]
2020-11-03 08:15:00+00:00,0,0,0.0,[]
2020-11-03 08:20:00+00:00,0,0,0.0,[]
2020-11-03 08:25:00+00:00,0,0,0.0,[]
2020-11-03 08:30:00+00:00,0,0,0.0,[]
2020-11-03 08:35:00+00:00,0,0,0.0,[]
2020-11-03 08:40:00+00:00,0,0,0.0,[]
2020-11-03 08:45:00+00:00,0,0,0.0,[]
2020-11-03 08:50:00+00:00,0,0,0.0,[]
2020-11-03 08:55:00+00:00,0,0,0.0,[]
2020-11-03 09:00:00+00:00,0,0,0.0,[]
2020-11-03 09:05:00+00:00,0,0,0.0,[]
2020-11-03 09:10:00+00:00,0,0,0.0,[]
2020-11-03 09:15:00+00:00,0,0,0.0,[]
2020-11-03 09:20:00+00:00,0,0,0.0,[]
2020-11-03 09:25:00+00:00,0,0,0.0,[]
2020-11-03 09:30:00+00:00,0,0,0.0,[]
2020-11-03 09:35:00+00:00,0,0,0.0,[]
2020-11-03 09:40:00+00:00,0,0,0.0,[]
2020-11-03 09:45:00+00:00,0,0,0.0,[]
2020-11-03 09:50:00+00:00,0,0,0.0,[]
2020-11-03 09:55:00+00:00,0,0,0.0,[]
2020-11-03 10:00:00+00:00,0,0,0.0,[]
2020-11-03 10:05:00+00:00,0,0,0.0,[]
2020-11-03 10:10:00+00:00,0,0,0.0,[]
2020-11-03 10:15:00+00:00,0,0,0.0,[]
2020-11-03 10:20:00+00:00,0,0,0.0,[]
2020-11-03 10:25:00+00:00,0,0,0.0,[]
2020-11-03 10:30:00+00:00,0,0,0.0,[]
2020-11-03 10:35:00+00:00,0,0,0.0,[]
2020-11-03 10:40:00+00:00,0,0,0.0,[]
2020-11-03 10:45:00+00:00,0,0,0.0,[]
2020-11-03 10:50:00+00:00,0,0,0.0,[]
2020-11-03 10:55:00+00:00,0,0,0.0,[]
2020-11-03 11:00:00+00:00,0,0,0.0,[]
2020-11-03 11:05:00+00:00,0,0,0.0,[]
2020-11-03 11:10:00+00:00,0,0,0.0,[]
2020-11-03 11:15:00+00:00,0,0,0.0,[]
2020-11-03 11:20:00+00:00,0,0,0.0,[]
2020-11-03 11:25:00+00:00,0,0,0.0,[]
2020-11-03 11:30:00+00:00,0,0,0.0,[]
2020-11-03 11:35:00+00:00,0,0,0.0,[]
2020-11-03 11:40:00+00:00,0,0,0.0,[]
2020-11-03 11:45:00+00:00,0,0,0.0,[]
2020-11-03 11:50:00+00:00,0,0,0.0,[]
2020-11-03 11:55:00+00:00,0,0,0.0,[]
2020-11-03 12:00:00+00:00,0,0,0.0,[]
2020-11-03 12:05:00+00:00,0,0,0.0,[]
2020-11-03 12:10:00+00:00,0,0,0.0,[]
2020-11-03 12:15:00+00:00,0,0,0.0,[]
2020-11-03 12:20:00+00:00,0,0,0.0,[]
2020-11-03 12:25:00+00:00,0,0,0.0,[]
2020-11-03 12:30:00+00:00,0,0,0.0,[]
2020-11-03 12:35:00+00:00,0,0,0.0,[]
2020-11-03 12:40:00+00:00,0,0,0.0,[]
2020-11-03 12:45:00+00:00,0,0,0.0,[]
2020-11-03 12:50:00+00:00,0,0,0.0,[]
2020-11-03 12:55:00+00:00,0,0,0.0,[]
2020-11-03 13:00:00+00:00,0,0,0.0,[]
2020-11-03 13:05:00+00:00,0,0,0.0,[]
2020-11-03 13:10:00+00:00,0,0,0.0,[]
2020-11-03 13:15:00+00:00,0,0,0.0,[]
2020-11-03 13:20:00+00:00,0,0,0.0,[]
2020-11-03 13:25:00+00:00,0,0,0.0,[]
2020-11-03 13:30:00+00:00,0,0,0.0,[]
2020-11-03 13:35:00+00:00,0,0,0.0,[]
2020-11-03 13:40:00+00:00,0,0,0.0,[]
2020-11-03 13:45:00+00:00,0,0,0.0,[]
2020-11-03 13:50:00+00:00,0,0,0.0,[]
2020-11-03 13:55:00+00:00,0,0,0.0,[]
2020-11-03 14:00:00+00:00,0,0,0.0,[]
2020-11-03 14:05:00+00:00,0,0,0.0,[]
2020-11-03 14:10:00+00:00,0,0,0.0,[]
2020-11-03 14:15:00+00:00,0,0,0.0,[]
2020-11-03 14:20:00+00:00,0,0,0.0,[]
2020-11-03 14:25:00+00:00,0,0,0.0,[]
2020-11-03 14:30:00+00:00,0,0,0.0,[]
2020-11-03 14:35:00+00:00,0,0,0.0,[]
2020-11-03 14:40:00+00:00,0,0,0.0,[]
2020-11-03 14:45:00+00:00,0,0,0.0,[]
2020-11-03 14:50:00+00:00,0,0,0.0,[]
2020-11-03 14:55:00+00:00,0,0,0.0,[]
2020-11-03 15:00:00+00:00,0,0,0.0,[]
2020-11-03 15:05:00+00:00,0,0,0.0,[]
2020-11-03 15:10:00+00:00,0,0,0.0,[]
2020-11-03 15:15:00+00:00,0,0,0.0,[]
2020-11-03 15:20:00+00:00,0,0,0.0,[]
2020-11-03 15:25:00+00:00,0,0,0.0,[]
2020-11-03 15:30:00+00:00,0,0,0.0,[]
2020-11-03 15:35:00+00:00,0,0,0.0,[]
2020-11-03 15:40:00+00:00,0,0,0.0,[]
2020-11-03 15:45:00+00:00,0,0,0.0,[]
2020-11-03 15:50:00+00:00,0,0,0.0,[]
2020-11-03 15:55:00+00:00,0,0,0.0,[]
2020-11-03 16:00:00+00:00,0,0,0.0,[]
2020-11-03 16:05:00+00:00,0,0,0.0,[]
2020-11-03 16:10:00+00:00,0,0,0.0,[]
2020-11-03 16:15:00+00:00,0,0,0.0,[]
2020-11-03 16:20:00+00:00,0,0,0.0,[]
2020-11-03 16:25:00+00:00,0,0,0.0,[]
2020-11-03 16:30:00+00:00,0,0,0.0,[]
2020-11-03 16:35:00+00:00,0,0,0.0,[]
2020-11-03 16:40:00+00:00,0,0,0.0,[]
2020-11-03 16:45:00+00:00,0,0,0.0,[]
2020-11-03 16:50:00+00:00,0,0,0.0,[]
2020-11-03 16:55:00+00:00,0,0,0.0,[]
2020-11-03 17:00:00+00:00,0,0,0.0,[]
2020-11-03 17:05:00+00:00,0,0,0.0,[]
2020-11-03 17:10:00+00:00,0,0,0.0,[]
2020-11-03 17:15:00+00:00,0,0,0.0,[]
2020-11-03 17:20:00+00:00,0,0,0.0,[]
2020-11-03 17:25:00+00:00,0,0,0.0,[]
2020-11-03 17:30:00+00:00,0,0,0.0,[]
2020-11-03 17:35:00+00:00,0,0,0.0,[]
2020-11-03 17:40:00+00:00,0,0,0.0,[]
2020-11-03 17:45:00+00:00,0,0,0.0,[]
2020-11-03 17:50:00+00:00,0,0,0.0,[]
2020-11-03 17:55:00+00:00,0,0,0.0,[]
2020-11-03 18:00:00+00:00,0,0,0.0,[]
2020-11-03 18:05:00+00:00,0,0,0.0,[]
2020-11-03 18:10:00+00:00,0,0,0.0,[]
2020-11-03 18:15:00+00:00,0,0,0.0,[]
2020-11-03 18:20:00+00:00,0,0,0.0,[]
2020-11-03 18:25:00+00:00,0,0,0.0,[]
2020-11-03 18:30:00+00:00,0,0,0.0,[]
2020-11-03 18:35:00+00:00,0,0,0.0,[]
2020-11-03 18:40:00+00:00,0,0,0.0,[]
2020-11-03 18:45:00+00:00,0,0,0.0,[]
2020-11-03 18:50:00+00:00,0,0,0.0,[]
2020-11-03 18:55:00+00:00,0,0,0.0,[]
2020-11-03 19:00:00+00:00,0,0,0.0,[]
2020-11-03 19:05:00+00:00,0,0,0.0,[]
2020-11-03 19:10:00+00:00,0,0,0.0,[]
2020-11-03 19:15:00+00:00,0,0,0.0,[]
2020-11-03 19:20:00+00:00,0,0,0.0,[]
2020-11-03 19:25:00+00:00,0,0,0.0,[]
2020-11-03 19:30:00+00:00,0,0,0.0,[]
2020-11-03 19:35:00+00:00,0,0,0.0,[]
2020-11-03 19:40:00+00:00,0,0,0.0,[]
2020-11-03 19:45:00+00:00,0,0,0.0,[]
2020-11-03 19:50:00+00:00,0,0,0.0,[]
2020-11-03 19:55:00+00:00,0,0,0.0,[]
2020-11-03 20:00:00+00:00,0,0,0.0,[]
2020-11-03 20:05:00+00:00,0,0,0.0,[]
2020-11-03 20:10:00+00:00,0,0,0.0,[]
2020-11-03 20:15:00+00:00,0,0,0.0,[]
2020-11-03 20:20:00+00:00,0,0,0.0,[]
2020-11-03 20:25:00+00:00,0,0,0.0,[]
2020-11-03 20:30:00+00:00,0,0,0.0,[]
2020-11-03 20:35:00+00:00,0,0,0.0,[]
2020-11-03 20:40:00+00:00,0,0,0.0,[]
2020-11-03 20:45:00+00:00,0,0,0.0,[]
2020-11-03 20:50:00+00:00,0,0,0.0,[]
2020-11-03 20:55:00+00:00,0,0,0.0,[]
2020-11-03 21:00:00+00:00,0,0,0.0,[]
2020-11-03 21:05:00+00:00,0,0,0.0,[]
2020-11-03 21:10:00+00:00,0,0,0.0,[]
2020-11-03 21:15:00+00:00,0,0,0.0,[]
2020-11-03 21:20:00+00:00,0,0,0.0,[]
2020-11-03 21:25:00+00:00,0,0,0.0,[]
2020-11-03 21:30:00+00:00,0,0,0.0,[]
2020-11-03 21:35:00+00:00,0,0,0.0,[]
2020-11-03 21:40:00+00:00,0,0,0.0,[]
2020-11-03 21:45:00+00:00,0,0,0.0,[]
2020-11-03 21:50:00+00:00,0,0,0.0,[]
2020-11-03 21:55:00+00:00,0,0,0.0,[]
2020-11-03 22:00:00+00:00,0,0,0.0,[]
2020-11-03 22:05:00+00:00,0,0,0.0,[]
2020-11-03 22:10:00+00:00,0,0,0.0,[]
2020-11-03 22:15:00+00:00,0,0,0.0,[]
2020-11-03 22:20:00+00:00,0,0,0.0,[]
2020-11-03 22:25:00+00:00,0,0,0.0,[]
2020-11-03 22:30:00+00:00,0,0,0.0,[]
2020-11-03 22:35:00+00:00,0,0,0.0,[]
2020-11-03 22:40:00+00:00,0,0,0.0,[]
2020-11-03 22:45:00+00:00,0,0,0.0,[]
2020-11-03 22:50:00+00:00,0,0,0.0,[]
2020-11-03 22:55:00+00:00,0,0,0.0,[]
2020-11-03 23:00:00+00:00,0,0,0.0,[]
2020-11-03 23:05:00+00:00,0,0,0.0,[]
2020-11-03 23:10:00+00:00,0,0,0.0,[]
2020-11-03 23:15:00+00:00,0,0,0.0,[]
2020-11-03 23:20:00+00:00,0,0,0.0,[]
2020-11-03 23:25:00+00:00,0,0,0.0,[]
2020-11-03 23:30:00+00:00,0,0,0.0,[]
2020-11-03 23:35:00+00:00,0,0,0.0,[]
2020-11-03 23:40:00+00:00,0,0,0.0,[]
2020-11-03 23:45:00+00:00,0,0,0.0,[]
2020-11-03 23:50:00+00:00,0,0,0.0,[]
2020-11-03 23:55:00+00:00,0,0,0.0,[]
2020-11-04 00:00:00+00:00,0,0,0.0,[]
2020-11-04 00:05:00+00:00,0,0,0.0,[]
2020-11-04 00:10:00+00:00,0,0,0.0,[]
2020-11-04 00:15:00+00:00,0,0,0.0,[]
2020-11-04 00:20:00+00:00,0,0,0.0,[]
2020-11-04 00:25:00+00:00,0,0,0.0,[]
2020-11-04 00:30:00+00:00,0,0,0.0,[]
2020-11-04 00:35:00+00:00,0,0,0.0,[]
2020-11-04 00:40:00+00:00,0,0,0.0,[]
2020-11-04 00:45:00+00:00,0,0,0.0,[]
2020-11-04 00:50:00+00:00,0,0,0.0,[]
2020-11-04 00:55:00+00:00,0,0,0.0,[]
2020-11-04 01:00:00+00:00,0,0,0.0,[]
2020-11-04 01:05:00+00:00,0,0,0.0,[]
2020-11-04 01:10:00+00:00,0,0,0.0,[]
2020-11-04 01:15:00+00:00,0,0,0.0,[]
2020-11-04 01:20:00+00:00,0,0,0.0,[]
2020-11-04 01:25:00+00:00,0,0,0.0,[]
2020-11-04 01:30:00+00:00,0,0,0.0,[]
2020-11-04 01:35:00+00:00,0,0,0.0,[]
2020-11-04 01:40:00+00:00,0,0,0.0,[]
2020-11-04 01:45:00+00:00,0,0,0.0,[]
2020-11-04 01:50:00+00:00,0,0,0.0,[]
2020-11-04 01:55:00+00:00,0,0,0.0,[]
2020-11-04 02:00:00+00:00,0,0,0.0,[]
2020-11-04 02:05:00+00:00,0,0,0.0,[]
2020-11-04 02:10:00+00:00,0,0,0.0,[]
2020-11-04 02:15:00+00:00,0,0,0.0,[]
2020-11-04 02:20:00+00:00,0,0,0.0,[]
2020-11-04 02:25:00+00:00,0,0,0.0,[]
2020-11-04 02:30:00+00:00,0,0,0.0,[]
2020-11-04 02:35:00+00:00,0,0,0.0,[]
2020-11-04 02:40:00+00:00,0,0,0.0,[]
2020-11-04 02:45:00+00:00,0,0,0.0,[]
2020-11-04 02:50:00+00:00,0,0,0.0,[]
2020-11-04 02:55:00+00:00,0,0,0.0,[]
2020-11-04 03:00:00+00:00,0,0,0.0,[]
2020-11-04 03:05:00+00:00,0,0,0.0,[]
2020-11-04 03:10:00+00:00,0,0,0.0,[]
2020-11-04 03:15:00+00:00,0,0,0.0,[]
2020-11-04 03:20:00+00:00,0,0,0.0,[]
2020-11-04 03:25:00+00:00,0,0,0.0,[]
2020-11-04 03:30:00+00:00,0,0,0.0,[]
2020-11-04 03:35:00+00:00,0,0,0.0,[]
2020-11-04 03:40:00+00:00,0,0,0.0,[]
2020-11-04 03:45:00+00:00,0,0,0.0,[]
2020-11-04 03:50:00+00:00,0,0,0.0,[]
2020-11-04 03:55:00+00:00,0,0,0.0,[]
2020-11-04 04:00:00+00:00,0,0,0.0,[]
2020-11-04 04:05:00+00:00,0,0,0.0,[]
2020-11-04 04:10:00+00:00,0,0,0.0,[]
2020-11-04 04:15:00+00:00,0,0,0.0,[]
2020-11-04 04:20:00+00:00,0,0,0.0,[]
2020-11-04 04:25:00+00:00,0,0,0.0,[]
2020-11-04 04:30:00+00:00,0,0,0.0,[]
2020-11-04 04:35:00+00:00,0,0,0.0,[]
2020-11-04 04:40:00+00:00,0,0,0.0,[]
2020-11-04 04:45:00+00:00,0,0,0.0,[]
2020-11-04 04:50:00+00:00,0,0,0.0,[]
2020-11-04 04:55:00+00:00,0,0,0.0,[]
2020-11-04 05:00:00+00:00,0,0,0.0,[]
2020-11-04 05:05:00+00:00,0,0,0.0,[]
2020-11-04 05:10:00+00:00,0,0,0.0,[]
2020-11-04 05:15:00+00:00,0,0,0.0,[]
2020-11-04 05:20:00+00:00,0,0,0.0,[]
2020-11-04 05:25:00+00:00,0,0,0.0,[]
2020-11-04 05:30:00+00:00,0,0,0.0,[]
2020-11-04 05:35:00+00:00,0,0,0.0,[]
2020-11-04 05:40:00+00:00,0,0,0.0,[]
2020-11-04 05:45:00+00:00,0,0,0.0,[]
2020-11-04 05:50:00+00:00,0,0,0.0,[]
2020-11-04 05:55:00+00:00,0,0,0.0,[]
2020-11-04 06:00:00+00:00,0,0,0.0,[]
2020-11-04 06:05:00+00:00,0,0,0.0,[]
2020-11-04 06:10:00+00:00,0,0,0.0,[]
2020-11-04 06:15:00+00:00,0,0,0.0,[]
2020-11-04 06:20:00+00:00,0,0,0.0,[]
2020-11-04 06:25:00+00:00,0,0,0.0,[]
2020-11-04 06:30:00+00:00,0,0,0.0,[]
2020-11-04 06:35:00+00:00,0,0,0.0,[]
2020-11-04 06:40:00+00:00,0,0,0.0,[]
2020-11-04 06:45:00+00:00,0,0,0.0,[]
2020-11-04 06:50:00+00:00,0,0,0.0,[]
2020-11-04 06:55:00+00:00,0,0,0.0,[]
2020-11-04 07:00:00+00:00,0,0,0.0,[]
2020-11-04 07:05:00+00:00,0,0,0.0,[]
2020-11-04 07:10:00+00:00,0,0,0.0,[]
2020-11-04 07:15:00+00:00,0,0,0.0,[]
2020-11-04 07:20:00+00:00,0,0,0.0,[]
2020-11-04 07:25:00+00:00,0,0,0.0,[]
2020-11-04 07:30:00+00:00,0,0,0.0,[]
2020-11-04 07:35:00+00:00,0,0,0.0,[]
2020-11-04 07:40:00+00:00,0,0,0.0,[]
2020-11-04 07:45:00+00:00,0,0,0.0,[]
2020-11-04 07:50:00+00:00,0,0,0.0,[]
2020-11-04 07:55:00+00:00,0,0,0.0,[]
2020-11-04 08:00:00+00:00,0,0,0.0,[]
2020-11-04 08:05:00+00:00,0,0,0.0,[]
2020-11-04 08:10:00+00:00,0,0,0.0,[]
2020-11-04 08:15:00+00:00,0,0,0.0,[]
2020-11-04 08:20:00+00:00,0,0,0.0,[]
2020-11-04 08:25:00+00:00,0,0,0.0,[]
2020-11-04 08:30:00+00:00,0,0,0.0,[]
2020-11-04 08:35:00+00:00,0,0,0.0,[]
2020-11-04 08:40:00+00:00,0,0,0.0,[]
2020-11-04 08:45:00+00:00,0,0,0.0,[]
2020-11-04 08:50:00+00:00,0,0,0.0,[]
2020-11-04 08:55:00+00:00,0,0,0.0,[]
2020-11-04 09:00:00+00:00,0,0,0.0,[]
2020-11-04 09:05:00+00:00,0,0,0.0,[]
2020-11-04 09:10:00+00:00,0,0,0.0,[]
2020-11-04 09:15:00+00:00,0,0,0.0,[]
2020-11-04 09:20:00+00:00,0,0,0.0,[]
2020-11-04 09:25:00+00:00,0,0,0.0,[]
2020-11-04 09:30:00+00:00,0,0,0.0,[]
2020-11-04 09:35:00+00:00,0,0,0.0,[]
2020-11-04 09:40:00+00:00,0,0,0.0,[]
2020-11-04 09:45:00+00:00,0,0,0.0,[]
2020-11-04 09:50:00+00:00,0,0,0.0,[]
2020-11-04 09:55:00+00:00,0,0,0.0,[]
2020-11-04 10:00:00+00:00,0,0,0.0,[]
2020-11-04 10:05:00+00:00,0,0,0.0,[]
2020-11-04 10:10:00+00:00,0,0,0.0,[]
2020-11-04 10:15:00+00:00,0,0,0.0,[]
2020-11-04 10:20:00+00:00,0,0,0.0,[]
2020-11-04 10:25:00+00:00,0,0,0.0,[]
2020-11-04 10:30:00+00:00,0,0,0.0,[]
2020-11-04 10:35:00+00:00,0,0,0.0,[]
2020-11-04 10:40:00+00:00,0,0,0.0,[]
2020-11-04 10:45:00+00:00,0,0,0.0,[]
2020-11-04 10:50:00+00:00,0,0,0.0,[]
2020-11-04 10:55:00+00:00,0,0,0.0,[]
2020-11-04 11:00:00+00:00,0,0,0.0,[]
2020-11-04 11:05:00+00:00,0,0,0.0,[]
2020-11-04 11:10:00+00:00,0,0,0.0,[]
2020-11-04 11:15:00+00:00,0,0,0.0,[]
2020-11-04 11:20:00+00:00,0,0,0.0,[]
2020-11-04 11:25:00+00:00,0,0,0.0,[]
2020-11-04 11:30:00+00:00,0,0,0.0,[]
2020-11-04 11:35:00+00:00,0,0,0.0,[]
2020-11-04 11:40:00+00:00,0,0,0.0,[]
2020-11-04 11:45:00+00:00,0,0,0.0,[]
2020-11-04 11:50:00+00:00,0,0,0.0,[]
2020-11-04 11:55:00+00:00,0,0,0.0,[]
2020-11-04 12:00:00+00:00,0,0,0.0,[]
2020-11-04 12:05:00+00:00,0,0,0.0,[]
2020-11-04 12:10:00+00:00,0,0,0.0,[]
2020-11-04 12:15:00+00:00,0,0,0.0,[]
2020-11-04 12:20:00+00:00,0,0,0.0,[]
2020-11-04 12:25:00+00:00,0,0,0.0,[]
2020-11-04 12:30:00+00:00,0,0,0.0,[]
2020-11-04 12:35:00+00:00,0,0,0.0,[]
2020-11-04 12:40:00+00:00,0,0,0.0,[]
2020-11-04 12:45:00+00:00,0,0,0.0,[]
2020-11-04 12:50:00+00:00,0,0,0.0,[]
2020-11-04 12:55:00+00:00,0,0,0.0,[]
2020-11-04 13:00:00+00:00,0,0,0.0,[]
2020-11-04 13:05:00+00:00,0,0,0.0,[]
2020-11-04 13:10:00+00:00,0,0,0.0,[]
2020-11-04 13:15:00+00:00,0,0,0.0,[]
2020-11-04 13:20:00+00:00,0,0,0.0,[]
2020-11-04 13:25:00+00:00,0,0,0.0,[]
2020-11-04 13:30:00+00:00,0,0,0.0,[]
2020-11-04 13:35:00+00:00,0,0,0.0,[]
2020-11-04 13:40:00+00:00,0,0,0.0,[]
2020-11-04 13:45:00+00:00,0,0,0.0,[]
2020-11-04 13:50:00+00:00,0,0,0.0,[]
2020-11-04 13:55:00+00:00,0,0,0.0,[]
2020-11-04 14:00:00+00:00,0,0,0.0,[]
2020-11-04 14:05:00+00:00,0,0,0.0,[]
2020-11-04 14:10:00+00:00,0,0,0.0,[]
2020-11-04 14:15:00+00:00,0,0,0.0,[]
2020-11-04 14:20:00+00:00,0,0,0.0,[]
2020-11-04 14:25:00+00:00,0,0,0.0,[]
2020-11-04 14:30:00+00:00,0,0,0.0,[]
2020-11-04 14:35:00+00:00,0,0,0.0,[]
2020-11-04 14:40:00+00:00,0,0,0.0,[]
2020-11-04 14:45:00+00:00,0,0,0.0,[]
2020-11-04 14:50:00+00:00,0,0,0.0,[]
2020-11-04 14:55:00+00:00,0,0,0.0,[]
2020-11-04 15:00:00+00:00,0,0,0.0,[]
2020-11-04 15:05:00+00:00,0,0,0.0,[]
2020-11-04 15:10:00+00:00,0,0,0.0,[]
2020-11-04 15:15:00+00:00,0,0,0.0,[]
2020-11-04 15:20:00+00:00,0,0,0.0,[]
2020-11-04 15:25:00+00:00,0,0,0.0,[]
2020-11-04 15:30:00+00:00,0,0,0.0,[]
2020-11-04 15:35:00+00:00,0,0,0.0,[]
2020-11-04 15:40:00+00:00,0,0,0.0,[]
2020-11-04 15:45:00+00:00,0,0,0.0,[]
2020-11-04 15:50:00+00:00,0,0,0.0,[]
2020-11-04 15:55:00+00:00,0,0,0.0,[]
2020-11-04 16:00:00+00:00,0,0,0.0,[]
2020-11-04 16:05:00+00:00,0,0,0.0,[]
2020-11-04 16:10:00+00:00,0,0,0.0,[]
2020-11-04 16:15:00+00:00,0,0,0.0,[]
2020-11-04 16:20:00+00:00,0,0,0.0,[]
2020-11-04 16:25:00+00:00,0,0,0.0,[]
2020-11-04 16:30:00+00:00,0,0,0.0,[]
2020-11-04 16:35:00+00:00,0,0,0.0,[]
2020-11-04 16:40:00+00:00,0,0,0.0,[]
2020-11-04 16:45:00+00:00,0,0,0.0,[]
2020-11-04 16:50:00+00:00,0,0,0.0,[]
2020-11-04 16:55:00+00:00,0,0,0.0,[]
2020-11-04 17:00:00+00:00,0,0,0.0,[]
2020-11-04 17:05:00+00:00,0,0,0.0,[]
2020-11-04 17:10:00+00:00,0,0,0.0,[]
2020-11-04 17:15:00+00:00,0,0,0.0,[]
2020-11-04 17:20:00+00:00,0,0,0.0,[]
2020-11-04 17:25:00+00:00,0,0,0.0,[]
2020-11-04 17:30:00+00:00,0,0,0.0,[]
2020-11-04 17:35:00+00:00,0,0,0.0,[]
2020-11-04 17:40:00+00:00,0,0,0.0,[]
2020-11-04 17:45:00+00:00,0,0,0.0,[]
2020-11-04 17:50:00+00:00,0,0,0.0,[]
2020-11-04 17:55:00+00:00,0,0,0.0,[]
2020-11-04 18:00:00+00:00,0,0,0.0,[]
2020-11-04 18:05:00+00:00,0,0,0.0,[]
2020-11-04 18:10:00+00:00,0,0,0.0,[]
2020-11-04 18:15:00+00:00,0,0,0.0,[]
2020-11-04 18:20:00+00:00,0,0,0.0,[]
2020-11-04 18:25:00+00:00,0,0,0.0,[]
2020-11-04 18:30:00+00:00,0,0,0.0,[]
2020-11-04 18:35:00+00:00,0,0,0.0,[]
2020-11-04 18:40:00+00:00,0,0,0.0,[]
2020-11-04 18:45:00+00:00,0,0,0.0,[]
2020-11-04 18:50:00+00:00,0,0,0.0,[]
2020-11-04 18:55:00+00:00,0,0,0.0,[]
2020-11-04 19:00:00+00:00,0,0,0.0,[]
2020-11-04 19:05:00+00:00,0,0,0.0,[]
2020-11-04 19:10:00+00:00,0,0,0.0,[]
2020-11-04 19:15:00+00:00,0,0,0.0,[]
2020-11-04 19:20:00+00:00,0,0,0.0,[]
2020-11-04 19:25:00+00:00,0,0,0.0,[]
2020-11-04 19:30:00+00:00,0,0,0.0,[]
2020-11-04 19:35:00+00:00,0,0,0.0,[]
2020-11-04 19:40:00+00:00,0,0,0.0,[]
2020-11-04 19:45:00+00:00,0,0,0.0,[]
2020-11-04 19:50:00+00:00,0,0,0.0,[]
2020-11-04 19:55:00+00:00,0,0,0.0,[]
2020-11-04 20:00:00+00:00,0,0,0.0,[]
2020-11-04 20:05:00+00:00,0,0,0.0,[]
2020-11-04 20:10:00+00:00,0,0,0.0,[]
2020-11-04 20:15:00+00:00,0,0,0.0,[]
2020-11-04 20:20:00+00:00,0,0,0.0,[]
2020-11-04 20:25:00+00:00,0,0,0.0,[]
2020-11-04 20:30:00+00:00,0,0,0.0,[]
2020-11-04 20:35:00+00:00,0,0,0.0,[]
2020-11-04 20:40:00+00:00,0,0,0.0,[]
2020-11-04 20:45:00+00:00,0,0,0.0,[]
2020-11-04 20:50:00+00:00,0,0,0.0,[]
2020-11-04 20:55:00+00:00,0,0,0.0,[]
2020-11-04 21:00:00+00:00,0,0,0.0,[]
2020-11-04 21:05:00+00:00,0,0,0.0,[]
2020-11-04 21:10:00+00:00,0,0,0.0,[]
2020-11-04 21:15:00+00:00,0,0,0.0,[]
2020-11-04 21:20:00+00:00,0,0,0.0,[]
2020-11-04 21:25:00+00:00,0,0,0.0,[]
2020-11-04 21:30:00+00:00,0,0,0.0,[]
2020-11-04 21:35:00+00:00,0,0,0.0,[]
2020-11-04 21:40:00+00:00,0,0,0.0,[]
2020-11-04 21:45:00+00:00,0,0,0.0,[]
2020-11-04 21:50:00+00:00,0,0,0.0,[]
2020-11-04 21:55:00+00:00,0,0,0.0,[]
2020-11-04 22:00:00+00:00,0,0,0.0,[]
2020-11-04 22:05:00+00:00,0,0,0.0,[]
2020-11-04 22:10:00+00:00,0,0,0.0,[]
2020-11-04 22:15:00+00:00,0,0,0.0,[]
2020-11-04 22:20:00+00:00,0,0,0.0,[]
2020-11-04 22:25:00+00:00,0,0,0.0,[]
2020-11-04 22:30:00+00:00,0,0,0.0,[]
2020-11-04 22:35:00+00:00,0,0,0.0,[]
2020-11-04 22:40:00+00:00,0,0,0.0,[]
2020-11-04 22:45:00+00:00,0,0,0.0,[]
2020-11-04 22:50:00+00:00,0,0,0.0,[]
2020-11-04 22:55:00+00:00,0,0,0.0,[]
2020-11-04 23:00:00+00:00,0,0,0.0,[]
2020-11-04 23:05:00+00:00,0,0,0.0,[]
2020-11-04 23:10:00+00:00,0,0,0.0,[]
2020-11-04 23:15:00+00:00,0,0,0.0,[]
2020-11-04 23:20:00+00:00,0,0,0.0,[]
2020-11-04 23:25:00+00:00,0,0,0.0,[]
2020-11-04 23:30:00+00:00,0,0,0.0,[]
2020-11-04 23:35:00+00:00,0,0,0.0,[]
2020-11-04 23:40:00+00:00,0,0,0.0,[]
2020-11-04 23:45:00+00:00,0,0,0.0,[]
2020-11-04 23:50:00+00:00,0,0,0.0,[]
2020-11-04 23:55:00+00:00,0,0,0.0,[]
2020-11-05 00:00:00+00:00,0,0,0.0,[]
2020-11-05 00:05:00+00:00,0,0,0.0,[]
2020-11-05 00:10:00+00:00,0,0,0.0,[]
2020-11-05 00:15:00+00:00,0,0,0.0,[]
2020-11-05 00:20:00+00:00,0,0,0.0,[]
2020-11-05 00:25:00+00:00,0,0,0.0,[]
2020-11-05 00:30:00+00:00,0,0,0.0,[]
2020-11-05 00:35:00+00:00,0,0,0.0,[]
2020-11-05 00:40:00+00:00,0,0,0.0,[]
2020-11-05 00:45:00+00:00,0,0,0.0,[]
2020-11-05 00:50:00+00:00,0,0,0.0,[]
2020-11-05 00:55:00+00:00,0,0,0.0,[]
2020-11-05 01:00:00+00:00,0,0,0.0,[]
2020-11-05 01:05:00+00:00,0,0,0.0,[]
2020-11-05 01:10:00+00:00,0,0,0.0,[]
2020-11-05 01:15:00+00:00,0,0,0.0,[]
2020-11-05 01:20:00+00:00,0,0,0.0,[]
2020-11-05 01:25:00+00:00,0,0,0.0,[]
2020-11-05 01:30:00+00:00,0,0,0.0,[]
2020-11-05 01:35:00+00:00,0,0,0.0,[]
2020-11-05 01:40:00+00:00,0,0,0.0,[]
2020-11-05 01:45:00+00:00,0,0,0.0,[]
2020-11-05 01:50:00+00:00,0,0,0.0,[]
2020-11-05 01:55:00+00:00,0,0,0.0,[]
2020-11-05 02:00:00+00:00,0,0,0.0,[]
2020-11-05 02:05:00+00:00,0,0,0.0,[]
2020-11-05 02:10:00+00:00,0,0,0.0,[]
2020-11-05 02:15:00+00:00,0,0,0.0,[]
2020-11-05 02:20:00+00:00,0,0,0.0,[]
2020-11-05 02:25:00+00:00,0,0,0.0,[]
2020-11-05 02:30:00+00:00,0,0,0.0,[]
2020-11-05 02:35:00+00:00,0,0,0.0,[]
2020-11-05 02:40:00+00:00,0,0,0.0,[]
2020-11-05 02:45:00+00:00,0,0,0.0,[]
2020-11-05 02:50:00+00:00,0,0,0.0,[]
2020-11-05 02:55:00+00:00,0,0,0.0,[]
2020-11-05 03:00:00+00:00,0,0,0.0,[]
2020-11-05 03:05:00+00:00,0,0,0.0,[]
2020-11-05 03:10:00+00:00,0,0,0.0,[]
2020-11-05 03:15:00+00:00,0,0,0.0,[]
2020-11-05 03:20:00+00:00,0,0,0.0,[]
2020-11-05 03:25:00+00:00,0,0,0.0,[]
2020-11-05 03:30:00+00:00,0,0,0.0,[]
2020-11-05 03:35:00+00:00,0,0,0.0,[]
2020-11-05 03:40:00+00:00,0,0,0.0,[]
2020-11-05 03:45:00+00:00,0,0,0.0,[]
2020-11-05 03:50:00+00:00,0,0,0.0,[]
2020-11-05 03:55:00+00:00,0,0,0.0,[]
2020-11-05 04:00:00+00:00,0,0,0.0,[]
2020-11-05 04:05:00+00:00,0,0,0.0,[]
2020-11-05 04:10:00+00:00,0,0,0.0,[]
2020-11-05 04:15:00+00:00,0,0,0.0,[]
2020-11-05 04:20:00+00:00,0,0,0.0,[]
2020-11-05 04:25:00+00:00,0,0,0.0,[]
2020-11-05 04:30:00+00:00,0,0,0.0,[]
2020-11-05 04:35:00+00:00,0,0,0.0,[]
2020-11-05 04:40:00+00:00,0,0,0.0,[]
2020-11-05 04:45:00+00:00,0,0,0.0,[]
2020-11-05 04:50:00+00:00,0,0,0.0,[]
2020-11-05 04:55:00+00:00,0,0,0.0,[]
2020-11-05 05:00:00+00:00,0,0,0.0,[]
2020-11-05 05:05:00+00:00,0,0,0.0,[]
2020-11-05 05:10:00+00:00,0,0,0.0,[]
2020-11-05 05:15:00+00:00,0,0,0.0,[]
2020-11-05 05:20:00+00:00,0,0,0.0,[]
2020-11-05 05:25:00+00:00,0,0,0.0,[]
2020-11-05 05:30:00+00:00,0,0,0.0,[]
2020-11-05 05:35:00+00:00,0,0,0.0,[]
2020-11-05 05:40:00+00:00,0,0,0.0,[]
2020-11-05 05:45:00+00:00,0,0,0.0,[]
2020-11-05 05:50:00+00:00,0,0,0.0,[]
2020-11-05 05:55:00+00:00,0,0,0.0,[]
2020-11-05 06:00:00+00:00,0,0,0.0,[]
2020-11-05 06:05:00+00:00,0,0,0.0,[]
2020-11-05 06:10:00+00:00,0,0,0.0,[]
2020-11-05 06:15:00+00:00,0,0,0.0,[]
2020-11-05 06:20:00+00:00,0,0,0.0,[]
2020-11-05 06:25:00+00:00,0,0,0.0,[]
2020-11-05 06:30:00+00:00,0,0,0.0,[]
2020-11-05 06:35:00+00:00,0,0,0.0,[]
2020-11-05 06:40:00+00:00,0,0,0.0,[]
2020-11-05 06:45:00+00:00,0,0,0.0,[]
2020-11-05 06:50:00+00:00,0,0,0.0,[]
2020-11-05 06:55:00+00:00,0,0,0.0,[]
2020-11-05 07:00:00+00:00,0,0,0.0,[]
2020-11-05 07:05:00+00:00,0,0,0.0,[]
2020-11-05 07:10:00+00:00,0,0,0.0,[]
2020-11-05 07:15:00+00:00,0,0,0.0,[]
2020-11-05 07:20:00+00:00,0,0,0.0,[]
2020-11-05 07:25:00+00:00,0,0,0.0,[]
2020-11-05 07:30:00+00:00,0,0,0.0,[]
2020-11-05 07:35:00+00:00,0,0,0.0,[]
2020-11-05 07:40:00+00:00,0,0,0.0,[]
2020-11-05 07:45:00+00:00,0,0,0.0,[]
2020-11-05 07:50:00+00:00,0,0,0.0,[]
2020-11-05 07:55:00+00:00,0,0,0.0,[]
2020-11-05 08:00:00+00:00,0,0,0.0,[]
2020-11-05 08:05:00+00:00,0,0,0.0,[]
2020-11-05 08:10:00+00:00,0,0,0.0,[]
2020-11-05 08:15:00+00:00,0,0,0.0,[]
2020-11-05 08:20:00+00:00,0,0,0.0,[]
2020-11-05 08:25:00+00:00,0,0,0.0,[]
2020-11-05 08:30:00+00:00,0,0,0.0,[]
2020-11-05 08:35:00+00:00,0,0,0.0,[]
2020-11-05 08:40:00+00:00,0,0,0.0,[]
2020-11-05 08:45:00+00:00,0,0,0.0,[]
2020-11-05 08:50:00+00:00,0,0,0.0,[]
2020-11-05 08:55:00+00:00,0,0,0.0,[]
2020-11-05 09:00:00+00:00,0,0,0.0,[]
2020-11-05 09:05:00+00:00,0,0,0.0,[]
2020-11-05 09:10:00+00:00,0,0,0.0,[]
2020-11-05 09:15:00+00:00,0,0,0.0,[]
2020-11-05 09:20:00+00:00,0,0,0.0,[]
2020-11-05 09:25:00+00:00,0,0,0.0,[]
2020-11-05 09:30:00+00:00,0,0,0.0,[]
2020-11-05 09:35:00+00:00,0,0,0.0,[]
2020-11-05 09:40:00+00:00,0,0,0.0,[]
2020-11-05 09:45:00+00:00,0,0,0.0,[]
2020-11-05 09:50:00+00:00,0,0,0.0,[]
2020-11-05 09:55:00+00:00,0,0,0.0,[]
2020-11-05 10:00:00+00:00,0,0,0.0,[]
2020-11-05 10:05:00+00:00,0,0,0.0,[]
2020-11-05 10:10:00+00:00,0,0,0.0,[]
2020-11-05 10:15:00+00:00,0,0,0.0,[]
2020-11-05 10:20:00+00:00,0,0,0.0,[]
2020-11-05 10:25:00+00:00,0,0,0.0,[]
2020-11-05 10:30:00+00:00,0,0,0.0,[]
2020-11-05 10:35:00+00:00,0,0,0.0,[]
2020-11-05 10:40:00+00:00,0,0,0.0,[]
2020-11-05 10:45:00+00:00,0,0,0.0,[]
2020-11-05 10:50:00+00:00,0,0,0.0,[]
2020-11-05 10:55:00+00:00,0,0,0.0,[]
2020-11-05 11:00:00+00:00,0,0,0.0,[]
2020-11-05 11:05:00+00:00,0,0,0.0,[]
2020-11-05 11:10:00+00:00,0,0,0.0,[]
2020-11-05 11:15:00+00:00,0,0,0.0,[]
2020-11-05 11:20:00+00:00,0,0,0.0,[]
2020-11-05 11:25:00+00:00,0,0,0.0,[]
2020-11-05 11:30:00+00:00,0,0,0.0,[]
2020-11-05 11:35:00+00:00,0,0,0.0,[]
2020-11-05 11:40:00+00:00,0,0,0.0,[]
2020-11-05 11:45:00+00:00,0,0,0.0,[]
2020-11-05 11:50:00+00:00,0,0,0.0,[]
2020-11-05 11:55:00+00:00,0,0,0.0,[]
2020-11-05 12:00:00+00:00,0,0,0.0,[]
2020-11-05 12:05:00+00:00,0,0,0.0,[]
2020-11-05 12:10:00+00:00,0,0,0.0,[]
2020-11-05 12:15:00+00:00,0,0,0.0,[]
2020-11-05 12:20:00+00:00,0,0,0.0,[]
2020-11-05 12:25:00+00:00,0,0,0.0,[]
2020-11-05 12:30:00+00:00,0,0,0.0,[]
2020-11-05 12:35:00+00:00,0,0,0.0,[]
2020-11-05 12:40:00+00:00,0,0,0.0,[]
2020-11-05 12:45:00+00:00,0,0,0.0,[]
2020-11-05 12:50:00+00:00,0,0,0.0,[]
2020-11-05 12:55:00+00:00,0,0,0.0,[]
2020-11-05 13:00:00+00:00,0,0,0.0,[]
2020-11-05 13:05:00+00:00,0,0,0.0,[]
2020-11-05 13:10:00+00:00,0,0,0.0,[]
2020-11-05 13:15:00+00:00,0,0,0.0,[]
2020-11-05 13:20:00+00:00,0,0,0.0,[]
2020-11-05 13:25:00+00:00,0,0,0.0,[]
2020-11-05 13:30:00+00:00,0,0,0.0,[]
2020-11-05 13:35:00+00:00,0,0,0.0,[]
2020-11-05 13:40:00+00:00,0,0,0.0,[]
2020-11-05 13:45:00+00:00,0,0,0.0,[]
2020-11-05 13:50:00+00:00,0,0,0.0,[]
2020-11-05 13:55:00+00:00,0,0,0.0,[]
2020-11-05 14:00:00+00:00,0,0,0.0,[]
2020-11-05 14:05:00+00:00,0,0,0.0,[]
2020-11-05 14:10:00+00:00,0,0,0.0,[]
2020-11-05 14:15:00+00:00,0,0,0.0,[]
2020-11-05 14:20:00+00:00,0,0,0.0,[]
2020-11-05 14:25:00+00:00,0,0,0.0,[]
2020-11-05 14:30:00+00:00,0,0,0.0,[]
2020-11-05 14:35:00+00:00,0,0,0.0,[]
2020-11-05 14:40:00+00:00,0,0,0.0,[]
2020-11-05 14:45:00+00:00,0,0,0.0,[]
2020-11-05 14:50:00+00:00,0,0,0.0,[]
2020-11-05 14:55:00+00:00,0,0,0.0,[]
2020-11-05 15:00:00+00:00,0,0,0.0,[]
2020-11-05 15:05:00+00:00,0,0,0.0,[]
2020-11-05 15:10:00+00:00,0,0,0.0,[]
2020-11-05 15:15:00+00:00,0,0,0.0,[]
2020-11-05 15:20:00+00:00,0,0,0.0,[]
2020-11-05 15:25:00+00:00,0,0,0.0,[]
2020-11-05 15:30:00+00:00,0,0,0.0,[]
2020-11-05 15:35:00+00:00,0,0,0.0,[]
2020-11-05 15:40:00+00:00,0,0,0.0,[]
2020-11-05 15:45:00+00:00,0,0,0.0,[]
2020-11-05 15:50:00+00:00,0,0,0.0,[]
2020-11-05 15:55:00+00:00,0,0,0.0,[]
2020-11-05 16:00:00+00:00,0,0,0.0,[]
2020-11-05 16:05:00+00:00,0,0,0.0,[]
2020-11-05 16:10:00+00:00,0,0,0.0,[]
2020-11-05 16:15:00+00:00,0,0,0.0,[]
2020-11-05 16:20:00+00:00,0,0,0.0,[]
2020-11-05 16:25:00+00:00,0,0,0.0,[]
2020-11-05 16:30:00+00:00,0,0,0.0,[]
2020-11-05 16:35:00+00:00,0,0,0.0,[]
2020-11-05 16:40:00+00:00,0,0,0.0,[]
2020-11-05 16:45:00+00:00,0,0,0.0,[]
2020-11-05 16:50:00+00:00,0,0,0.0,[]
2020-11-05 16:55:00+00:00,0,0,0.0,[]
2020-11-05 17:00:00+00:00,0,0,0.0,[]
2020-11-05 17:05:00+00:00,0,0,0.0,[]
2020-11-05 17:10:00+00:00,0,0,0.0,[]
2020-11-05 17:15:00+00:00,0,0,0.0,[]
2020-11-05 17:20:00+00:00,0,0,0.0,[]
2020-11-05 17:25:00+00:00,0,0,0.0,[]
2020-11-05 17:30:00+00:00,0,0,0.0,[]
2020-11-05 17:35:00+00:00,0,0,0.0,[]
2020-11-05 17:40:00+00:00,0,0,0.0,[]
2020-11-05 17:45:00+00:00,0,0,0.0,[]
2020-11-05 17:50:00+00:00,0,0,0.0,[]
2020-11-05 17:55:00+00:00,0,0,0.0,[]
2020-11-05 18:00:00+00:00,0,0,0.0,[]
2020-11-05 18:05:00+00:00,0,0,0.0,[]
2020-11-05 18:10:00+00:00,0,0,0.0,[]
2020-11-05 18:15:00+00:00,0,0,0.0,[]
2020-11-05 18:20:00+00:00,0,0,0.0,[]
2020-11-05 18:25:00+00:00,0,0,0.0,[]
2020-11-05 18:30:00+00:00,0,0,0.0,[]
2020-11-05 18:35:00+00:00,0,0,0.0,[]
2020-11-05 18:40:00+00:00,0,0,0.0,[]
2020-11-05 18:45:00+00:00,0,0,0.0,[]
2020-11-05 18:50:00+00:00,0,0,0.0,[]
2020-11-05 18:55:00+00:00,0,0,0.0,[]
2020-11-05 19:00:00+00:00,0,0,0.0,[]
2020-11-05 19:05:00+00:00,0,0,0.0,[]
2020-11-05 19:10:00+00:00,0,0,0.0,[]
2020-11-05 19:15:00+00:00,0,0,0.0,[]
2020-11-05 19:20:00+00:00,0,0,0.0,[]
2020-11-05 19:25:00+00:00,0,0,0.0,[]
2020-11-05 19:30:00+00:00,0,0,0.0,[]
2020-11-05 19:35:00+00:00,0,0,0.0,[]
2020-11-05 19:40:00+00:00,0,0,0.0,[]
2020-11-05 19:45:00+00:00,0,0,0.0,[]
2020-11-05 19:50:00+00:00,0,0,0.0,[]
2020-11-05 19:55:00+00:00,0,0,0.0,[]
2020-11-05 20:00:00+00:00,0,0,0.0,[]
2020-11-05 20:05:00+00:00,0,0,0.0,[]
2020-11-05 20:10:00+00:00,0,0,0.0,[]
2020-11-05 20:15:00+00:00,0,0,0.0,[]
2020-11-05 20:20:00+00:00,0,0,0.0,[]
2020-11-05 20:25:00+00:00,0,0,0.0,[]
2020-11-05 20:30:00+00:00,0,0,0.0,[]
2020-11-05 20:35:00+00:00,0,0,0.0,[]
2020-11-05 20:40:00+00:00,0,0,0.0,[]
2020-11-05 20:45:00+00:00,0,0,0.0,[]
2020-11-05 20:50:00+00:00,0,0,0.0,[]
2020-11-05 20:55:00+00:00,0,0,0.0,[]
2020-11-05 21:00:00+00:00,0,0,0.0,[]
2020-11-05 21:05:00+00:00,0,0,0.0,[]
2020-11-05 21:10:00+00:00,0,0,0.0,[]
2020-11-05 21:15:00+00:00,0,0,0.0,[]
2020-11-05 21:20:00+00:00,0,0,0.0,[]
2020-11-05 21:25:00+00:00,0,0,0.0,[]
2020-11-05 21:30:00+00:00,0,0,0.0,[]
2020-11-05 21:35:00+00:00,0,0,0.0,[]
2020-11-05 21:40:00+00:00,0,0,0.0,[]
2020-11-05 21:45:00+00:00,0,0,0.0,[]
2020-11-05 21:50:00+00:00,0,0,0.0,[]
2020-11-05 21:55:00+00:00,0,0,0.0,[]
2020-11-05 22:00:00+00:00,0,0,0.0,[]
2020-11-05 22:05:00+00:00,0,0,0.0,[]
2020-11-05 22:10:00+00:00,0,0,0.0,[]
2020-11-05 22:15:00+00:00,0,0,0.0,[]
2020-11-05 22:20:00+00:00,0,0,0.0,[]
2020-11-05 22:25:00+00:00,0,0,0.0,[]
2020-11-05 22:30:00+00:00,0,0,0.0,[]
2020-11-05 22:35:00+00:00,0,0,0.0,[]
2020-11-05 22:40:00+00:00,0,0,0.0,[]
2020-11-05 22:45:00+00:00,0,0,0.0,[]
2020-11-05 22:50:00+00:00,0,0,0.0,[]
2020-11-05 22:55:00+00:00,0,0,0.0,[]
2020-11-05 23:00:00+00:00,0,0,0.0,[]
2020-11-05 23:05:00+00:00,0,0,0.0,[]
2020-11-05 23:10:00+00:00,0,0,0.0,[]
2020-11-05 23:15:00+00:00,0,0,0.0,[]
2020-11-05 23:20:00+00:00,0,0,0.0,[]
2020-11-05 23:25:00+00:00,0,0,0.0,[]
2020-11-05 23:30:00+00:00,0,0,0.0,[]
2020-11-05 23:35:00+00:00,0,0,0.0,[]
2020-11-05 23:40:00+00:00,0,0,0.0,[]
2020-11-05 23:45:00+00:00,0,0,0.0,[]
2020-11-05 23:50:00+00:00,0,0,0.0,[]
2020-11-05 23:55:00+00:00,0,0,0.0,[]
2020-11-06 00:00:00+00:00,0,0,0.0,[]
2020-11-06 00:05:00+00:00,0,0,0.0,[]
2020-11-06 00:10:00+00:00,0,0,0.0,[]
2020-11-06 00:15:00+00:00,0,0,0.0,[]
2020-11-06 00:20:00+00:00,0,0,0.0,[]
2020-11-06 00:25:00+00:00,0,0,0.0,[]
2020-11-06 00:30:00+00:00,0,0,0.0,[]
2020-11-06 00:35:00+00:00,0,0,0.0,[]
2020-11-06 00:40:00+00:00,0,0,0.0,[]
2020-11-06 00:45:00+00:00,0,0,0.0,[]
2020-11-06 00:50:00+00:00,0,0,0.0,[]
2020-11-06 00:55:00+00:00,0,0,0.0,[]
2020-11-06 01:00:00+00:00,0,0,0.0,[]
2020-11-06 01:05:00+00:00,0,0,0.0,[]
2020-11-06 01:10:00+00:00,0,0,0.0,[]
2020-11-06 01:15:00+00:00,0,0,0.0,[]
2020-11-06 01:20:00+00:00,0,0,0.0,[]
2020-11-06 01:25:00+00:00,0,0,0.0,[]
2020-11-06 01:30:00+00:00,0,0,0.0,[]
2020-11-06 01:35:00+00:00,0,0,0.0,[]
2020-11-06 01:40:00+00:00,0,0,0.0,[]
2020-11-06 01:45:00+00:00,0,0,0.0,[]
2020-11-06 01:50:00+00:00,0,0,0.0,[]
2020-11-06 01:55:00+00:00,0,0,0.0,[]
2020-11-06 02:00:00+00:00,0,0,0.0,[]
2020-11-06 02:05:00+00:00,0,0,0.0,[]
2020-11-06 02:10:00+00:00,0,0,0.0,[]
2020-11-06 02:15:00+00:00,0,0,0.0,[]
2020-11-06 02:20:00+00:00,0,0,0.0,[]
2020-11-06 02:25:00+00:00,0,0,0.0,[]
2020-11-06 02:30:00+00:00,0,0,0.0,[]
2020-11-06 02:35:00+00:00,0,0,0.0,[]
2020-11-06 02:40:00+00:00,0,0,0.0,[]
2020-11-06 02:45:00+00:00,0,0,0.0,[]
2020-11-06 02:50:00+00:00,0,0,0.0,[]
2020-11-06 02:55:00+00:00,0,0,0.0,[]
2020-11-06 03:00:00+00:00,0,0,0.0,[]
2020-11-06 03:05:00+00:00,0,0,0.0,[]
2020-11-06 03:10:00+00:00,0,0,0.0,[]
2020-11-06 03:15:00+00:00,0,0,0.0,[]
2020-11-06 03:20:00+00:00,0,0,0.0,[]
2020-11-06 03:25:00+00:00,0,0,0.0,[]
2020-11-06 03:30:00+00:00,0,0,0.0,[]
2020-11-06 03:35:00+00:00,0,0,0.0,[]
2020-11-06 03:40:00+00:00,0,0,0.0,[]
2020-11-06 03:45:00+00:00,0,0,0.0,[]
2020-11-06 03:50:00+00:00,0,0,0.0,[]
2020-11-06 03:55:00+00:00,0,0,0.0,[]
2020-11-06 04:00:00+00:00,0,0,0.0,[]
2020-11-06 04:05:00+00:00,0,0,0.0,[]
2020-11-06 04:10:00+00:00,0,0,0.0,[]
2020-11-06 04:15:00+00:00,0,0,0.0,[]
2020-11-06 04:20:00+00:00,0,0,0.0,[]
2020-11-06 04:25:00+00:00,0,0,0.0,[]
2020-11-06 04:30:00+00:00,0,0,0.0,[]
2020-11-06 04:35:00+00:00,0,0,0.0,[]
2020-11-06 04:40:00+00:00,0,0,0.0,[]
2020-11-06 04:45:00+00:00,0,0,0.0,[]
2020-11-06 04:50:00+00:00,0,0,0.0,[]
2020-11-06 04:55:00+00:00,0,0,0.0,[]
2020-11-06 05:00:00+00:00,0,0,0.0,[]
2020-11-06 05:05:00+00:00,0,0,0.0,[]
2020-11-06 05:10:00+00:00,0,0,0.0,[]
2020-11-06 05:15:00+00:00,0,0,0.0,[]
2020-11-06 05:20:00+00:00,0,0,0.0,[]
2020-11-06 05:25:00+00:00,0,0,0.0,[]
2020-11-06 05:30:00+00:00,0,0,0.0,[]
2020-11-06 05:35:00+00:00,0,0,0.0,[]
2020-11-06 05:40:00+00:00,0,0,0.0,[]
2020-11-06 05:45:00+00:00,0,0,0.0,[]
2020-11-06 05:50:00+00:00,0,0,0.0,[]
2020-11-06 05:55:00+00:00,0,0,0.0,[]
2020-11-06 06:00:00+00:00,0,0,0.0,[]
2020-11-06 06:05:00+00:00,0,0,0.0,[]
2020-11-06 06:10:00+00:00,0,0,0.0,[]
2020-11-06 06:15:00+00:00,0,0,0.0,[]
2020-11-06 06:20:00+00:00,0,0,0.0,[]
2020-11-06 06:25:00+00:00,0,0,0.0,[]
2020-11-06 06:30:00+00:00,0,0,0.0,[]
2020-11-06 06:35:00+00:00,0,0,0.0,[]
2020-11-06 06:40:00+00:00,0,0,0.0,[]
2020-11-06 06:45:00+00:00,0,0,0.0,[]
2020-11-06 06:50:00+00:00,0,0,0.0,[]
2020-11-06 06:55:00+00:00,0,0,0.0,[]
2020-11-06 07:00:00+00:00,0,0,0.0,[]
2020-11-06 07:05:00+00:00,0,0,0.0,[]
2020-11-06 07:10:00+00:00,0,0,0.0,[]
2020-11-06 07:15:00+00:00,0,0,0.0,[]
2020-11-06 07:20:00+00:00,0,0,0.0,[]
2020-11-06 07:25:00+00:00,0,0,0.0,[]
2020-11-06 07:30:00+00:00,0,0,0.0,[]
2020-11-06 07:35:00+00:00,0,0,0.0,[]
2020-11-06 07:40:00+00:00,0,0,0.0,[]
2020-11-06 07:45:00+00:00,0,0,0.0,[]
2020-11-06 07:50:00+00:00,0,0,0.0,[]
2020-11-06 07:55:00+00:00,0,0,0.0,[]
2020-11-06 08:00:00+00:00,0,0,0.0,[]
2020-11-06 08:05:00+00:00,0,0,0.0,[]
2020-11-06 08:10:00+00:00,0,0,0.0,[]
2020-11-06 08:15:00+00:00,0,0,0.0,[]
2020-11-06 08:20:00+00:00,0,0,0.0,[]
2020-11-06 08:25:00+00:00,0,0,0.0,[]
2020-11-06 08:30:00+00:00,0,0,0.0,[]
2020-11-06 08:35:00+00:00,0,0,0.0,[]
2020-11-06 08:40:00+00:00,0,0,0.0,[]
2020-11-06 08:45:00+00:00,0,0,0.0,[]
2020-11-06 08:50:00+00:00,0,0,0.0,[]
2020-11-06 08:55:00+00:00,0,0,0.0,[]
2020-11-06 09:00:00+00:00,0,0,0.0,[]
2020-11-06 09:05:00+00:00,0,0,0.0,[]
2020-11-06 09:10:00+00:00,0,0,0.0,[]
2020-11-06 09:15:00+00:00,0,0,0.0,[]
2020-11-06 09:20:00+00:00,0,0,0.0,[]
2020-11-06 09:25:00+00:00,0,0,0.0,[]
2020-11-06 09:30:00+00:00,0,0,0.0,[]
2020-11-06 09:35:00+00:00,0,0,0.0,[]
2020-11-06 09:40:00+00:00,0,0,0.0,[]
2020-11-06 09:45:00+00:00,0,0,0.0,[]
2020-11-06 09:50:00+00:00,0,0,0.0,[]
2020-11-06 09:55:00+00:00,0,0,0.0,[]
2020-11-06 10:00:00+00:00,0,0,0.0,[]
2020-11-06 10:05:00+00:00,0,0,0.0,[]
2020-11-06 10:10:00+00:00,0,0,0.0,[]
2020-11-06 10:15:00+00:00,0,0,0.0,[]
2020-11-06 10:20:00+00:00,0,0,0.0,[]
2020-11-06 10:25:00+00:00,0,0,0.0,[]
2020-11-06 10:30:00+00:00,0,0,0.0,[]
2020-11-06 10:35:00+00:00,0,0,0.0,[]
2020-11-06 10:40:00+00:00,0,0,0.0,[]
2020-11-06 10:45:00+00:00,0,0,0.0,[]
2020-11-06 10:50:00+00:00,0,0,0.0,[]
2020-11-06 10:55:00+00:00,0,0,0.0,[]
2020-11-06 11:00:00+00:00,0,0,0.0,[]
2020-11-06 11:05:00+00:00,0,0,0.0,[]
2020-11-06 11:10:00+00:00,0,0,0.0,[]
2020-11-06 11:15:00+00:00,0,0,0.0,[]
2020-11-06 11:20:00+00:00,0,0,0.0,[]
2020-11-06 11:25:00+00:00,0,0,0.0,[]
2020-11-06 11:30:00+00:00,0,0,0.0,[]
2020-11-06 11:35:00+00:00,0,0,0.0,[]
2020-11-06 11:40:00+00:00,0,0,0.0,[]
2020-11-06 11:45:00+00:00,0,0,0.0,[]
2020-11-06 11:50:00+00:00,0,0,0.0,[]
2020-11-06 11:55:00+00:00,0,0,0.0,[]
2020-11-06 12:00:00+00:00,0,0,0.0,[]
2020-11-06 12:05:00+00:00,0,0,0.0,[]
2020-11-06 12:10:00+00:00,0,0,0.0,[]
2020-11-06 12:15:00+00:00,0,0,0.0,[]
2020-11-06 12:20:00+00:00,0,0,0.0,[]
2020-11-06 12:25:00+00:00,0,0,0.0,[]
2020-11-06 12:30:00+00:00,0,0,0.0,[]
2020-11-06 12:35:00+00:00,0,0,0.0,[]
2020-11-06 12:40:00+00:00,0,0,0.0,[]
2020-11-06 12:45:00+00:00,0,0,0.0,[]
2020-11-06 12:50:00+00:00,0,0,0.0,[]
2020-11-06 12:55:00+00:00,0,0,0.0,[]
2020-11-06 13:00:00+00:00,0,0,0.0,[]
2020-11-06 13:05:00+00:00,0,0,0.0,[]
2020-11-06 13:10:00+00:00,0,0,0.0,[]
2020-11-06 13:15:00+00:00,0,0,0.0,[]
2020-11-06 13:20:00+00:00,0,0,0.0,[]
2020-11-06 13:25:00+00:00,0,0,0.0,[]
2020-11-06 13:30:00+00:00,0,0,0.0,[]
2020-11-06 13:35:00+00:00,0,0,0.0,[]
2020-11-06 13:40:00+00:00,0,0,0.0,[]
2020-11-06 13:45:00+00:00,0,0,0.0,[]
2020-11-06 13:50:00+00:00,0,0,0.0,[]
2020-11-06 13:55:00+00:00,0,0,0.0,[]
2020-11-06 14:00:00+00:00,0,0,0.0,[]
2020-11-06 14:05:00+00:00,0,0,0.0,[]
2020-11-06 14:10:00+00:00,0,0,0.0,[]
2020-11-06 14:15:00+00:00,0,0,0.0,[]
2020-11-06 14:20:00+00:00,0,0,0.0,[]
2020-11-06 14:25:00+00:00,0,0,0.0,[]
2020-11-06 14:30:00+00:00,0,0,0.0,[]
2020-11-06 14:35:00+00:00,0,0,0.0,[]
2020-11-06 14:40:00+00:00,0,0,0.0,[]
2020-11-06 14:45:00+00:00,0,0,0.0,[]
2020-11-06 14:50:00+00:00,0,0,0.0,[]
2020-11-06 14:55:00+00:00,0,0,0.0,[]
2020-11-06 15:00:00+00:00,0,0,0.0,[]
2020-11-06 15:05:00+00:00,0,0,0.0,[]
2020-11-06 15:10:00+00:00,0,0,0.0,[]
2020-11-06 15:15:00+00:00,0,0,0.0,[]
2020-11-06 15:20:00+00:00,0,0,0.0,[]
2020-11-06 15:25:00+00:00,0,0,0.0,[]
2020-11-06 15:30:00+00:00,0,0,0.0,[]
2020-11-06 15:35:00+00:00,0,0,0.0,[]
2020-11-06 15:40:00+00:00,0,0,0.0,[]
2020-11-06 15:45:00+00:00,0,0,0.0,[]
2020-11-06 15:50:00+00:00,0,0,0.0,[]
2020-11-06 15:55:00+00:00,0,0,0.0,[]
2020-11-06 16:00:00+00:00,0,0,0.0,[]
2020-11-06 16:05:00+00:00,0,0,0.0,[]
2020-11-06 16:10:00+00:00,0,0,0.0,[]
2020-11-06 16:15:00+00:00,0,0,0.0,[]
2020-11-06 16:20:00+00:00,0,0,0.0,[]
2020-11-06 16:25:00+00:00,0,0,0.0,[]
2020-11-06 16:30:00+00:00,0,0,0.0,[]
2020-11-06 16:35:00+00:00,0,0,0.0,[]
2020-11-06 16:40:00+00:00,0,0,0.0,[]
2020-11-06 16:45:00+00:00,0,0,0.0,[]
2020-11-06 16:50:00+00:00,0,0,0.0,[]
2020-11-06 16:55:00+00:00,0,0,0.0,[]
2020-11-06 17:00:00+00:00,0,0,0.0,[]
2020-11-06 17:05:00+00:00,0,0,0.0,[]
2020-11-06 17:10:00+00:00,0,0,0.0,[]
2020-11-06 17:15:00+00:00,0,0,0.0,[]
2020-11-06 17:20:00+00:00,0,0,0.0,[]
2020-11-06 17:25:00+00:00,0,0,0.0,[]
2020-11-06 17:30:00+00:00,0,0,0.0,[]
2020-11-06 17:35:00+00:00,0,0,0.0,[]
2020-11-06 17:40:00+00:00,0,0,0.0,[]
2020-11-06 17:45:00+00:00,0,0,0.0,[]
2020-11-06 17:50:00+00:00,0,0,0.0,[]
2020-11-06 17:55:00+00:00,0,0,0.0,[]
2020-11-06 18:00:00+00:00,0,0,0.0,[]
2020-11-06 18:05:00+00:00,0,0,0.0,[]
2020-11-06 18:10:00+00:00,0,0,0.0,[]
2020-11-06 18:15:00+00:00,0,0,0.0,[]
2020-11-06 18:20:00+00:00,0,0,0.0,[]
2020-11-06 18:25:00+00:00,0,0,0.0,[]
2020-11-06 18:30:00+00:00,0,0,0.0,[]
2020-11-06 18:35:00+00:00,0,0,0.0,[]
2020-11-06 18:40:00+00:00,0,0,0.0,[]
2020-11-06 18:45:00+00:00,0,0,0.0,[]
2020-11-06 18:50:00+00:00,0,0,0.0,[]
2020-11-06 18:55:00+00:00,0,0,0.0,[]
2020-11-06 19:00:00+00:00,0,0,0.0,[]
2020-11-06 19:05:00+00:00,0,0,0.0,[]
2020-11-06 19:10:00+00:00,0,0,0.0,[]
2020-11-06 19:15:00+00:00,0,0,0.0,[]
2020-11-06 19:20:00+00:00,0,0,0.0,[]
2020-11-06 19:25:00+00:00,0,0,0.0,[]
2020-11-06 19:30:00+00:00,0,0,0.0,[]
2020-11-06 19:35:00+00:00,0,0,0.0,[]
2020-11-06 19:40:00+00:00,0,0,0.0,[]
2020-11-06 19:45:00+00:00,0,0,0.0,[]
2020-11-06 19:50:00+00:00,0,0,0.0,[]
2020-11-06 19:55:00+00:00,0,0,0.0,[]
2020-11-06 20:00:00+00:00,0,0,0.0,[]
2020-11-06 20:05:00+00:00,0,0,0.0,[]
2020-11-06 20:10:00+00:00,0,0,0.0,[]
2020-11-06 20:15:00+00:00,0,0,0.0,[]
2020-11-06 20:20:00+00:00,0,0,0.0,[]
2020-11-06 20:25:00+00:00,0,0,0.0,[]
2020-11-06 20:30:00+00:00,0,0,0.0,[]
2020-11-06 20:35:00+00:00,0,0,0.0,[]
2020-11-06 20:40:00+00:00,0,0,0.0,[]
2020-11-06 20:45:00+00:00,0,0,0.0,[]
2020-11-06 20:50:00+00:00,0,0,0.0,[]
2020-11-06 20:55:00+00:00,0,0,0.0,[]
2020-11-06 21:00:00+00:00,0,0,0.0,[]
2020-11-06 21:05:00+00:00,0,0,0.0,[]
2020-11-06 21:10:00+00:00,0,0,0.0,[]
2020-11-06 21:15:00+00:00,0,0,0.0,[]
2020-11-06 21:20:00+00:00,0,0,0.0,[]
2020-11-06 21:25:00+00:00,0,0,0.0,[]
2020-11-06 21:30:00+00:00,0,0,0.0,[]
2020-11-06 21:35:00+00:00,0,0,0.0,[]
2020-11-06 21:40:00+00:00,0,0,0.0,[]
2020-11-06 21:45:00+00:00,0,0,0.0,[]
2020-11-06 21:50:00+00:00,0,0,0.0,[]
2020-11-06 21:55:00+00:00,0,0,0.0,[]
2020-11-06 22:00:00+00:00,0,0,0.0,[]
2020-11-06 22:05:00+00:00,0,0,0.0,[]
2020-11-06 22:10:00+00:00,0,0,0.0,[]
2020-11-06 22:15:00+00:00,0,0,0.0,[]
2020-11-06 22:20:00+00:00,0,0,0.0,[]
2020-11-06 22:25:00+00:00,0,0,0.0,[]
2020-11-06 22:30:00+00:00,0,0,0.0,[]
2020-11-06 22:35:00+00:00,0,0,0.0,[]
2020-11-06 22:40:00+00:00,0,0,0.0,[]
2020-11-06 22:45:00+00:00,0,0,0.0,[]
2020-11-06 22:50:00+00:00,0,0,0.0,[]
2020-11-06 22:55:00+00:00,0,0,0.0,[]
2020-11-06 23:00:00+00:00,0,0,0.0,[]
2020-11-06 23:05:00+00:00,0,0,0.0,[]
2020-11-06 23:10:00+00:00,0,0,0.0,[]
2020-11-06 23:15:00+00:00,0,0,0.0,[]
2020-11-06 23:20:00+00:00,0,0,0.0,[]
2020-11-06 23:25:00+00:00,0,0,0.0,[]
2020-11-06 23:30:00+00:00,0,0,0.0,[]
2020-11-06 23:35:00+00:00,0,0,0.0,[]
2020-11-06 23:40:00+00:00,0,0,0.0,[]
2020-11-06 23:45:00+00:00,0,0,0.0,[]
2020-11-06 23:50:00+00:00,0,0,0.0,[]
2020-11-06 23:55:00+00:00,0,0,0.0,[]
2020-11-07 00:00:00+00:00,0,0,0.0,[]
2020-11-07 00:05:00+00:00,0,0,0.0,[]
2020-11-07 00:10:00+00:00,0,0,0.0,[]
2020-11-07 00:15:00+00:00,0,0,0.0,[]
2020-11-07 00:20:00+00:00,0,0,0.0,[]
2020-11-07 00:25:00+00:00,0,0,0.0,[]
2020-11-07 00:30:00+00:00,0,0,0.0,[]
2020-11-07 00:35:00+00:00,0,0,0.0,[]
2020-11-07 00:40:00+00:00,0,0,0.0,[]
2020-11-07 00:45:00+00:00,0,0,0.0,[]
2020-11-07 00:50:00+00:00,0,0,0.0,[]
2020-11-07 00:55:00+00:00,0,0,0.0,[]
2020-11-07 01:00:00+00:00,0,0,0.0,[]
2020-11-07 01:05:00+00:00,0,0,0.0,[]
2020-11-07 01:10:00+00:00,0,0,0.0,[]
2020-11-07 01:15:00+00:00,0,0,0.0,[]
2020-11-07 01:20:00+00:00,0,0,0.0,[]
2020-11-07 01:25:00+00:00,0,0,0.0,[]
2020-11-07 01:30:00+00:00,0,0,0.0,[]
2020-11-07 01:35:00+00:00,0,0,0.0,[]
2020-11-07 01:40:00+00:00,0,0,0.0,[]
2020-11-07 01:45:00+00:00,0,0,0.0,[]
2020-11-07 01:50:00+00:00,0,0,0.0,[]
2020-11-07 01:55:00+00:00,0,0,0.0,[]
2020-11-07 02:00:00+00:00,0,0,0.0,[]
2020-11-07 02:05:00+00:00,0,0,0.0,[]
2020-11-07 02:10:00+00:00,0,0,0.0,[]
2020-11-07 02:15:00+00:00,0,0,0.0,[]
2020-11-07 02:20:00+00:00,0,0,0.0,[]
2020-11-07 02:25:00+00:00,0,0,0.0,[]
2020-11-07 02:30:00+00:00,0,0,0.0,[]
2020-11-07 02:35:00+00:00,0,0,0.0,[]
2020-11-07 02:40:00+00:00,0,0,0.0,[]
2020-11-07 02:45:00+00:00,0,0,0.0,[]
2020-11-07 02:50:00+00:00,0,0,0.0,[]
2020-11-07 02:55:00+00:00,0,0,0.0,[]
2020-11-07 03:00:00+00:00,0,0,0.0,[]
2020-11-07 03:05:00+00:00,0,0,0.0,[]
2020-11-07 03:10:00+00:00,0,0,0.0,[]
2020-11-07 03:15:00+00:00,0,0,0.0,[]
2020-11-07 03:20:00+00:00,0,0,0.0,[]
2020-11-07 03:25:00+00:00,0,0,0.0,[]
2020-11-07 03:30:00+00:00,0,0,0.0,[]
2020-11-07 03:35:00+00:00,0,0,0.0,[]
2020-11-07 03:40:00+00:00,0,0,0.0,[]
2020-11-07 03:45:00+00:00,0,0,0.0,[]
2020-11-07 03:50:00+00:00,0,0,0.0,[]
2020-11-07 03:55:00+00:00,0,0,0.0,[]
2020-11-07 04:00:00+00:00,0,0,0.0,[]
2020-11-07 04:05:00+00:00,0,0,0.0,[]
2020-11-07 04:10:00+00:00,0,0,0.0,[]
2020-11-07 04:15:00+00:00,0,0,0.0,[]
2020-11-07 04:20:00+00:00,0,0,0.0,[]
2020-11-07 04:25:00+00:00,0,0,0.0,[]
2020-11-07 04:30:00+00:00,0,0,0.0,[]
2020-11-07 04:35:00+00:00,0,0,0.0,[]
2020-11-07 04:40:00+00:00,0,0,0.0,[]
2020-11-07 04:45:00+00:00,0,0,0.0,[]
2020-11-07 04:50:00+00:00,0,0,0.0,[]
2020-11-07 04:55:00+00:00,0,0,0.0,[]
2020-11-07 05:00:00+00:00,0,0,0.0,[]
2020-11-07 05:05:00+00:00,0,0,0.0,[]
2020-11-07 05:10:00+00:00,0,0,0.0,[]
2020-11-07 05:15:00+00:00,0,0,0.0,[]
2020-11-07 05:20:00+00:00,0,0,0.0,[]
2020-11-07 05:25:00+00:00,0,0,0.0,[]
2020-11-07 05:30:00+00:00,0,0,0.0,[]
2020-11-07 05:35:00+00:00,0,0,0.0,[]
2020-11-07 05:40:00+00:00,0,0,0.0,[]
2020-11-07 05:45:00+00:00,0,0,0.0,[]
2020-11-07 05:50:00+00:00,0,0,0.0,[]
2020-11-07 05:55:00+00:00,0,0,0.0,[]
2020-11-07 06:00:00+00:00,0,0,0.0,[]
2020-11-07 06:05:00+00:00,0,0,0.0,[]
2020-11-07 06:10:00+00:00,0,0,0.0,[]
2020-11-07 06:15:00+00:00,0,0,0.0,[]
2020-11-07 06:20:00+00:00,0,0,0.0,[]
2020-11-07 06:25:00+00:00,0,0,0.0,[]
2020-11-07 06:30:00+00:00,0,0,0.0,[]
2020-11-07 06:35:00+00:00,0,0,0.0,[]
2020-11-07 06:40:00+00:00,0,0,0.0,[]
2020-11-07 06:45:00+00:00,0,0,0.0,[]
2020-11-07 06:50:00+00:00,0,0,0.0,[]
2020-11-07 06:55:00+00:00,0,0,0.0,[]
2020-11-07 07:00:00+00:00,0,0,0.0,[]
2020-11-07 07:05:00+00:00,0,0,0.0,[]
2020-11-07 07:10:00+00:00,0,0,0.0,[]
2020-11-07 07:15:00+00:00,0,0,0.0,[]
2020-11-07 07:20:00+00:00,0,0,0.0,[]
2020-11-07 07:25:00+00:00,0,0,0.0,[]
2020-11-07 07:30:00+00:00,0,0,0.0,[]
2020-11-07 07:35:00+00:00,0,0,0.0,[]
2020-11-07 07:40:00+00:00,0,0,0.0,[]
2020-11-07 07:45:00+00:00,0,0,0.0,[]
2020-11-07 07:50:00+00:00,0,0,0.0,[]
2020-11-07 07:55:00+00:00,0,0,0.0,[]
2020-11-07 08:00:00+00:00,0,0,0.0,[]
2020-11-07 08:05:00+00:00,0,0,0.0,[]
2020-11-07 08:10:00+00:00,0,0,0.0,[]
2020-11-07 08:15:00+00:00,0,0,0.0,[]
2020-11-07 08:20:00+00:00,0,0,0.0,[]
2020-11-07 08:25:00+00:00,0,0,0.0,[]
2020-11-07 08:30:00+00:00,0,0,0.0,[]
2020-11-07 08:35:00+00:00,0,0,0.0,[]
2020-11-07 08:40:00+00:00,0,0,0.0,[]
2020-11-07 08:45:00+00:00,0,0,0.0,[]
2020-11-07 08:50:00+00:00,0,0,0.0,[]
2020-11-07 08:55:00+00:00,0,0,0.0,[]
2020-11-07 09:00:00+00:00,0,0,0.0,[]
2020-11-07 09:05:00+00:00,0,0,0.0,[]
2020-11-07 09:10:00+00:00,0,0,0.0,[]
2020-11-07 09:15:00+00:00,0,0,0.0,[]
2020-11-07 09:20:00+00:00,0,0,0.0,[]
2020-11-07 09:25:00+00:00,0,0,0.0,[]
2020-11-07 09:30:00+00:00,0,0,0.0,[]
2020-11-07 09:35:00+00:00,0,0,0.0,[]
2020-11-07 09:40:00+00:00,0,0,0.0,[]
2020-11-07 09:45:00+00:00,0,0,0.0,[]
2020-11-07 09:50:00+00:00,0,0,0.0,[]
2020-11-07 09:55:00+00:00,0,0,0.0,[]
2020-11-07 10:00:00+00:00,0,0,0.0,[]
2020-11-07 10:05:00+00:00,0,0,0.0,[]
2020-11-07 10:10:00+00:00,0,0,0.0,[]
2020-11-07 10:15:00+00:00,0,0,0.0,[]
2020-11-07 10:20:00+00:00,0,0,0.0,[]
2020-11-07 10:25:00+00:00,0,0,0.0,[]
2020-11-07 10:30:00+00:00,0,0,0.0,[]
2020-11-07 10:35:00+00:00,0,0,0.0,[]
2020-11-07 10:40:00+00:00,0,0,0.0,[]
2020-11-07 10:45:00+00:00,0,0,0.0,[]
2020-11-07 10:50:00+00:00,0,0,0.0,[]
2020-11-07 10:55:00+00:00,0,0,0.0,[]
2020-11-07 11:00:00+00:00,0,0,0.0,[]
2020-11-07 11:05:00+00:00,0,0,0.0,[]
2020-11-07 11:10:00+00:00,0,0,0.0,[]
2020-11-07 11:15:00+00:00,0,0,0.0,[]
2020-11-07 11:20:00+00:00,0,0,0.0,[]
2020-11-07 11:25:00+00:00,0,0,0.0,[]
2020-11-07 11:30:00+00:00,0,0,0.0,[]
2020-11-07 11:35:00+00:00,0,0,0.0,[]
2020-11-07 11:40:00+00:00,0,0,0.0,[]
2020-11-07 11:45:00+00:00,0,0,0.0,[]
2020-11-07 11:50:00+00:00,0,0,0.0,[]
2020-11-07 11:55:00+00:00,0,0,0.0,[]
2020-11-07 12:00:00+00:00,0,0,0.0,[]
2020-11-07 12:05:00+00:00,0,0,0.0,[]
2020-11-07 12:10:00+00:00,0,0,0.0,[]
2020-11-07 12:15:00+00:00,0,0,0.0,[]
2020-11-07 12:20:00+00:00,0,0,0.0,[]
2020-11-07 12:25:00+00:00,0,0,0.0,[]
2020-11-07 12:30:00+00:00,0,0,0.0,[]
2020-11-07 12:35:00+00:00,0,0,0.0,[]
2020-11-07 12:40:00+00:00,0,0,0.0,[]
2020-11-07 12:45:00+00:00,0,0,0.0,[]
2020-11-07 12:50:00+00:00,0,0,0.0,[]
2020-11-07 12:55:00+00:00,0,0,0.0,[]
2020-11-07 13:00:00+00:00,0,0,0.0,[]
2020-11-07 13:05:00+00:00,0,0,0.0,[]
2020-11-07 13:10:00+00:00,0,0,0.0,[]
2020-11-07 13:15:00+00:00,0,0,0.0,[]
2020-11-07 13:20:00+00:00,0,0,0.0,[]
2020-11-07 13:25:00+00:00,0,0,0.0,[]
2020-11-07 13:30:00+00:00,0,0,0.0,[]
2020-11-07 13:35:00+00:00,0,0,0.0,[]
2020-11-07 13:40:00+00:00,0,0,0.0,[]
2020-11-07 13:45:00+00:00,0,0,0.0,[]
2020-11-07 13:50:00+00:00,0,0,0.0,[]
2020-11-07 13:55:00+00:00,0,0,0.0,[]
2020-11-07 14:00:00+00:00,0,0,0.0,[]
2020-11-07 14:05:00+00:00,0,0,0.0,[]
2020-11-07 14:10:00+00:00,0,0,0.0,[]
2020-11-07 14:15:00+00:00,0,0,0.0,[]
2020-11-07 14:20:00+00:00,0,0,0.0,[]
2020-11-07 14:25:00+00:00,0,0,0.0,[]
2020-11-07 14:30:00+00:00,0,0,0.0,[]
2020-11-07 14:35:00+00:00,0,0,0.0,[]
2020-11-07 14:40:00+00:00,0,0,0.0,[]
2020-11-07 14:45:00+00:00,0,0,0.0,[]
2020-11-07 14:50:00+00:00,0,0,0.0,[]
2020-11-07 14:55:00+00:00,0,0,0.0,[]
2020-11-07 15:00:00+00:00,0,0,0.0,[]
2020-11-07 15:05:00+00:00,0,0,0.0,[]
2020-11-07 15:10:00+00:00,0,0,0.0,[]
2020-11-07 15:15:00+00:00,0,0,0.0,[]
2020-11-07 15:20:00+00:00,0,0,0.0,[]
2020-11-07 15:25:00+00:00,0,0,0.0,[]
2020-11-07 15:30:00+00:00,0,0,0.0,[]
2020-11-07 15:35:00+00:00,0,0,0.0,[]
2020-11-07 15:40:00+00:00,0,0,0.0,[]
2020-11-07 15:45:00+00:00,0,0,0.0,[]
2020-11-07 15:50:00+00:00,0,0,0.0,[]
2020-11-07 15:55:00+00:00,0,0,0.0,[]
2020-11-07 16:00:00+00:00,0,0,0.0,[]
2020-11-07 16:05:00+00:00,0,0,0.0,[]
2020-11-07 16:10:00+00:00,0,0,0.0,[]
2020-11-07 16:15:00+00:00,0,0,0.0,[]
2020-11-07 16:20:00+00:00,0,0,0.0,[]
2020-11-07 16:25:00+00:00,0,0,0.0,[]
2020-11-07 16:30:00+00:00,0,0,0.0,[]
2020-11-07 16:35:00+00:00,0,0,0.0,[]
2020-11-07 16:40:00+00:00,0,0,0.0,[]
2020-11-07 16:45:00+00:00,0,0,0.0,[]
2020-11-07 16:50:00+00:00,0,0,0.0,[]
2020-11-07 16:55:00+00:00,0,0,0.0,[]
2020-11-07 17:00:00+00:00,0,0,0.0,[]
2020-11-07 17:05:00+00:00,0,0,0.0,[]
2020-11-07 17:10:00+00:00,0,0,0.0,[]
2020-11-07 17:15:00+00:00,0,0,0.0,[]
2020-11-07 17:20:00+00:00,0,0,0.0,[]
2020-11-07 17:25:00+00:00,0,0,0.0,[]
2020-11-07 17:30:00+00:00,0,0,0.0,[]
2020-11-07 17:35:00+00:00,0,0,0.0,[]
2020-11-07 17:40:00+00:00,0,0,0.0,[]
2020-11-07 17:45:00+00:00,0,0,0.0,[]
2020-11-07 17:50:00+00:00,0,0,0.0,[]
2020-11-07 17:55:00+00:00,0,0,0.0,[]
2020-11-07 18:00:00+00:00,0,0,0.0,[]
2020-11-07 18:05:00+00:00,0,0,0.0,[]
2020-11-07 18:10:00+00:00,0,0,0.0,[]
2020-11-07 18:15:00+00:00,0,0,0.0,[]
2020-11-07 18:20:00+00:00,0,0,0.0,[]
2020-11-07 18:25:00+00:00,0,0,0.0,[]
2020-11-07 18:30:00+00:00,0,0,0.0,[]
2020-11-07 18:35:00+00:00,0,0,0.0,[]
2020-11-07 18:40:00+00:00,0,0,0.0,[]
2020-11-07 18:45:00+00:00,0,0,0.0,[]
2020-11-07 18:50:00+00:00,0,0,0.0,[]
2020-11-07 18:55:00+00:00,0,0,0.0,[]
2020-11-07 19:00:00+00:00,0,0,0.0,[]
2020-11-07 19:05:00+00:00,0,0,0.0,[]
2020-11-07 19:10:00+00:00,0,0,0.0,[]
2020-11-07 19:15:00+00:00,0,0,0.0,[]
2020-11-07 19:20:00+00:00,0,0,0.0,[]
2020-11-07 19:25:00+00:00,0,0,0.0,[]
2020-11-07 19:30:00+00:00,0,0,0.0,[]
2020-11-07 19:35:00+00:00,0,0,0.0,[]
2020-11-07 19:40:00+00:00,0,0,0.0,[]
2020-11-07 19:45:00+00:00,0,0,0.0,[]
2020-11-07 19:50:00+00:00,0,0,0.0,[]
2020-11-07 19:55:00+00:00,0,0,0.0,[]
2020-11-07 20:00:00+00:00,0,0,0.0,[]
2020-11-07 20:05:00+00:00,0,0,0.0,[]
2020-11-07 20:10:00+00:00,0,0,0.0,[]
2020-11-07 20:15:00+00:00,0,0,0.0,[]
2020-11-07 20:20:00+00:00,0,0,0.0,[]
2020-11-07 20:25:00+00:00,0,0,0.0,[]
2020-11-07 20:30:00+00:00,0,0,0.0,[]
2020-11-07 20:35:00+00:00,0,0,0.0,[]
2020-11-07 20:40:00+00:00,0,0,0.0,[]
2020-11-07 20:45:00+00:00,0,0,0.0,[]
2020-11-07 20:50:00+00:00,0,0,0.0,[]
2020-11-07 20:55:00+00:00,0,0,0.0,[]
2020-11-07 21:00:00+00:00,0,0,0.0,[]
2020-11-07 21:05:00+00:00,0,0,0.0,[]
2020-11-07 21:10:00+00:00,0,0,0.0,[]
2020-11-07 21:15:00+00:00,0,0,0.0,[]
2020-11-07 21:20:00+00:00,0,0,0.0,[]
2020-11-07 21:25:00+00:00,0,0,0.0,[]
2020-11-07 21:30:00+00:00,0,0,0.0,[]
2020-11-07 21:35:00+00:00,0,0,0.0,[]
2020-11-07 21:40:00+00:00,0,0,0.0,[]
2020-11-07 21:45:00+00:00,0,0,0.0,[]
2020-11-07 21:50:00+00:00,0,0,0.0,[]
2020-11-07 21:55:00+00:00,0,0,0.0,[]
2020-11-07 22:00:00+00:00,0,0,0.0,[]
2020-11-07 22:05:00+00:00,0,0,0.0,[]
2020-11-07 22:10:00+00:00,0,0,0.0,[]
2020-11-07 22:15:00+00:00,0,0,0.0,[]
2020-11-07 22:20:00+00:00,0,0,0.0,[]
2020-11-07 22:25:00+00:00,0,0,0.0,[]
2020-11-07 22:30:00+00:00,0,0,0.0,[]
2020-11-07 22:35:00+00:00,0,0,0.0,[]
2020-11-07 22:40:00+00:00,0,0,0.0,[]
2020-11-07 22:45:00+00:00,0,0,0.0,[]
2020-11-07 22:50:00+00:00,0,0,0.0,[]
2020-11-07 22:55:00+00:00,0,0,0.0,[]
2020-11-07 23:00:00+00:00,0,0,0.0,[]
2020-11-07 23:05:00+00:00,0,0,0.0,[]
2020-11-07 23:10:00+00:00,0,0,0.0,[]
2020-11-07 23:15:00+00:00,0,0,0.0,[]
2020-11-07 23:20:00+00:00,0,0,0.0,[]
2020-11-07 23:25:00+00:00,0,0,0.0,[]
2020-11-07 23:30:00+00:00,0,0,0.0,[]
2020-11-07 23:35:00+00:00,0,0,0.0,[]
2020-11-07 23:40:00+00:00,0,0,0.0,[]
2020-11-07 23:45:00+00:00,0,0,0.0,[]
2020-11-07 23:50:00+00:00,0,0,0.0,[]
2020-11-07 23:55:00+00:00,0,0,0.0,[]
2020-11-08 00:00:00+00:00,0,0,0.0,[]
2020-11-08 00:05:00+00:00,0,0,0.0,[]
2020-11-08 00:10:00+00:00,0,0,0.0,[]
2020-11-08 00:15:00+00:00,0,0,0.0,[]
2020-11-08 00:20:00+00:00,0,0,0.0,[]
2020-11-08 00:25:00+00:00,0,0,0.0,[]
2020-11-08 00:30:00+00:00,0,0,0.0,[]
2020-11-08 00:35:00+00:00,0,0,0.0,[]
2020-11-08 00:40:00+00:00,0,0,0.0,[]
2020-11-08 00:45:00+00:00,0,0,0.0,[]
2020-11-08 00:50:00+00:00,0,0,0.0,[]
2020-11-08 00:55:00+00:00,0,0,0.0,[]
2020-11-08 01:00:00+00:00,0,0,0.0,[]
2020-11-08 01:05:00+00:00,0,0,0.0,[]
2020-11-08 01:10:00+00:00,0,0,0.0,[]
2020-11-08 01:15:00+00:00,0,0,0.0,[]
2020-11-08 01:20:00+00:00,0,0,0.0,[]
2020-11-08 01:25:00+00:00,0,0,0.0,[]
2020-11-08 01:30:00+00:00,0,0,0.0,[]
2020-11-08 01:35:00+00:00,0,0,0.0,[]
2020-11-08 01:40:00+00:00,0,0,0.0,[]
2020-11-08 01:45:00+00:00,0,0,0.0,[]
2020-11-08 01:50:00+00:00,0,0,0.0,[]
2020-11-08 01:55:00+00:00,0,0,0.0,[]
2020-11-08 02:00:00+00:00,0,0,0.0,[]
2020-11-08 02:05:00+00:00,0,0,0.0,[]
2020-11-08 02:10:00+00:00,0,0,0.0,[]
2020-11-08 02:15:00+00:00,0,0,0.0,[]
2020-11-08 02:20:00+00:00,0,0,0.0,[]
2020-11-08 02:25:00+00:00,0,0,0.0,[]
2020-11-08 02:30:00+00:00,0,0,0.0,[]
2020-11-08 02:35:00+00:00,0,0,0.0,[]
2020-11-08 02:40:00+00:00,0,0,0.0,[]
2020-11-08 02:45:00+00:00,0,0,0.0,[]
2020-11-08 02:50:00+00:00,0,0,0.0,[]
2020-11-08 02:55:00+00:00,0,0,0.0,[]
2020-11-08 03:00:00+00:00,0,0,0.0,[]
2020-11-08 03:05:00+00:00,0,0,0.0,[]
2020-11-08 03:10:00+00:00,0,0,0.0,[]
2020-11-08 03:15:00+00:00,0,0,0.0,[]
2020-11-08 03:20:00+00:00,0,0,0.0,[]
2020-11-08 03:25:00+00:00,0,0,0.0,[]
2020-11-08 03:30:00+00:00,0,0,0.0,[]
2020-11-08 03:35:00+00:00,0,0,0.0,[]
2020-11-08 03:40:00+00:00,0,0,0.0,[]
2020-11-08 03:45:00+00:00,0,0,0.0,[]
2020-11-08 03:50:00+00:00,0,0,0.0,[]
2020-11-08 03:55:00+00:00,0,0,0.0,[]
2020-11-08 04:00:00+00:00,0,0,0.0,[]
2020-11-08 04:05:00+00:00,0,0,0.0,[]
2020-11-08 04:10:00+00:00,0,0,0.0,[]
2020-11-08 04:15:00+00:00,0,0,0.0,[]
2020-11-08 04:20:00+00:00,0,0,0.0,[]
2020-11-08 04:25:00+00:00,0,0,0.0,[]
2020-11-08 04:30:00+00:00,0,0,0.0,[]
2020-11-08 04:35:00+00:00,0,0,0.0,[]
2020-11-08 04:40:00+00:00,0,0,0.0,[]
2020-11-08 04:45:00+00:00,0,0,0.0,[]
2020-11-08 04:50:00+00:00,0,0,0.0,[]
2020-11-08 04:55:00+00:00,0,0,0.0,[]
2020-11-08 05:00:00+00:00,0,0,0.0,[]
2020-11-08 05:05:00+00:00,0,0,0.0,[]
2020-11-08 05:10:00+00:00,0,0,0.0,[]
2020-11-08 05:15:00+00:00,0,0,0.0,[]
2020-11-08 05:20:00+00:00,0,0,0.0,[]
2020-11-08 05:25:00+00:00,0,0,0.0,[]
2020-11-08 05:30:00+00:00,0,0,0.0,[]
2020-11-08 05:35:00+00:00,0,0,0.0,[]
2020-11-08 05:40:00+00:00,0,0,0.0,[]
2020-11-08 05:45:00+00:00,0,0,0.0,[]
2020-11-08 05:50:00+00:00,0,0,0.0,[]
2020-11-08 05:55:00+00:00,0,0,0.0,[]
2020-11-08 06:00:00+00:00,0,0,0.0,[]
2020-11-08 06:05:00+00:00,0,0,0.0,[]
2020-11-08 06:10:00+00:00,0,0,0.0,[]
2020-11-08 06:15:00+00:00,0,0,0.0,[]
2020-11-08 06:20:00+00:00,0,0,0.0,[]
2020-11-08 06:25:00+00:00,0,0,0.0,[]
2020-11-08 06:30:00+00:00,0,0,0.0,[]
2020-11-08 06:35:00+00:00,0,0,0.0,[]
2020-11-08 06:40:00+00:00,0,0,0.0,[]
2020-11-08 06:45:00+00:00,0,0,0.0,[]
2020-11-08 06:50:00+00:00,0,0,0.0,[]
2020-11-08 06:55:00+00:00,0,0,0.0,[]
2020-11-08 07:00:00+00:00,0,0,0.0,[]
2020-11-08 07:05:00+00:00,0,0,0.0,[]
2020-11-08 07:10:00+00:00,0,0,0.0,[]
2020-11-08 07:15:00+00:00,0,0,0.0,[]
2020-11-08 07:20:00+00:00,0,0,0.0,[]
2020-11-08 07:25:00+00:00,0,0,0.0,[]
2020-11-08 07:30:00+00:00,0,0,0.0,[]
2020-11-08 07:35:00+00:00,0,0,0.0,[]
2020-11-08 07:40:00+00:00,0,0,0.0,[]
2020-11-08 07:45:00+00:00,0,0,0.0,[]
2020-11-08 07:50:00+00:00,0,0,0.0,[]
2020-11-08 07:55:00+00:00,0,0,0.0,[]
2020-11-08 08:00:00+00:00,0,0,0.0,[]
2020-11-08 08:05:00+00:00,0,0,0.0,[]
2020-11-08 08:10:00+00:00,0,0,0.0,[]
2020-11-08 08:15:00+00:00,0,0,0.0,[]
2020-11-08 08:20:00+00:00,0,0,0.0,[]
2020-11-08 08:25:00+00:00,0,0,0.0,[]
2020-11-08 08:30:00+00:00,0,0,0.0,[]
2020-11-08 08:35:00+00:00,0,0,0.0,[]
2020-11-08 08:40:00+00:00,0,0,0.0,[]
2020-11-08 08:45:00+00:00,0,0,0.0,[]
2020-11-08 08:50:00+00:00,0,0,0.0,[]
2020-11-08 08:55:00+00:00,0,0,0.0,[]
2020-11-08 09:00:00+00:00,0,0,0.0,[]
2020-11-08 09:05:00+00:00,0,0,0.0,[]
2020-11-08 09:10:00+00:00,0,0,0.0,[]
2020-11-08 09:15:00+00:00,0,0,0.0,[]
2020-11-08 09:20:00+00:00,0,0,0.0,[]
2020-11-08 09:25:00+00:00,0,0,0.0,[]
2020-11-08 09:30:00+00:00,0,0,0.0,[]
2020-11-08 09:35:00+00:00,0,0,0.0,[]
2020-11-08 09:40:00+00:00,0,0,0.0,[]
2020-11-08 09:45:00+00:00,0,0,0.0,[]
2020-11-08 09:50:00+00:00,0,0,0.0,[]
2020-11-08 09:55:00+00:00,0,0,0.0,[]
2020-11-08 10:00:00+00:00,0,0,0.0,[]
2020-11-08 10:05:00+00:00,0,0,0.0,[]
2020-11-08 10:10:00+00:00,0,0,0.0,[]
2020-11-08 10:15:00+00:00,0,0,0.0,[]
2020-11-08 10:20:00+00:00,0,0,0.0,[]
2020-11-08 10:25:00+00:00,0,0,0.0,[]
2020-11-08 10:30:00+00:00,0,0,0.0,[]
2020-11-08 10:35:00+00:00,0,0,0.0,[]
2020-11-08 10:40:00+00:00,0,0,0.0,[]
2020-11-08 10:45:00+00:00,0,0,0.0,[]
2020-11-08 10:50:00+00:00,0,0,0.0,[]
2020-11-08 10:55:00+00:00,0,0,0.0,[]
2020-11-08 11:00:00+00:00,0,0,0.0,[]
2020-11-08 11:05:00+00:00,0,0,0.0,[]
2020-11-08 11:10:00+00:00,0,0,0.0,[]
2020-11-08 11:15:00+00:00,0,0,0.0,[]
2020-11-08 11:20:00+00:00,0,0,0.0,[]
2020-11-08 11:25:00+00:00,0,0,0.0,[]
2020-11-08 11:30:00+00:00,0,0,0.0,[]
2020-11-08 11:35:00+00:00,0,0,0.0,[]
2020-11-08 11:40:00+00:00,0,0,0.0,[]
2020-11-08 11:45:00+00:00,0,0,0.0,[]
2020-11-08 11:50:00+00:00,0,0,0.0,[]
2020-11-08 11:55:00+00:00,0,0,0.0,[]
2020-11-08 12:00:00+00:00,0,0,0.0,[]
2020-11-08 12:05:00+00:00,0,0,0.0,[]
2020-11-08 12:10:00+00:00,0,0,0.0,[]
2020-11-08 12:15:00+00:00,0,0,0.0,[]
2020-11-08 12:20:00+00:00,0,0,0.0,[]
2020-11-08 12:25:00+00:00,0,0,0.0,[]
2020-11-08 12:30:00+00:00,0,0,0.0,[]
2020-11-08 12:35:00+00:00,0,0,0.0,[]
2020-11-08 12:40:00+00:00,0,0,0.0,[]
2020-11-08 12:45:00+00:00,0,0,0.0,[]
2020-11-08 12:50:00+00:00,0,0,0.0,[]
2020-11-08 12:55:00+00:00,0,0,0.0,[]
2020-11-08 13:00:00+00:00,0,0,0.0,[]
2020-11-08 13:05:00+00:00,0,0,0.0,[]
2020-11-08 13:10:00+00:00,0,0,0.0,[]
2020-11-08 13:15:00+00:00,0,0,0.0,[]
2020-11-08 13:20:00+00:00,0,0,0.0,[]
2020-11-08 13:25:00+00:00,0,0,0.0,[]
2020-11-08 13:30:00+00:00,0,0,0.0,[]
2020-11-08 13:35:00+00:00,0,0,0.0,[]
2020-11-08 13:40:00+00:00,0,0,0.0,[]
2020-11-08 13:45:00+00:00,0,0,0.0,[]
2020-11-08 13:50:00+00:00,0,0,0.0,[]
2020-11-08 13:55:00+00:00,0,0,0.0,[]
2020-11-08 14:00:00+00:00,0,0,0.0,[]
2020-11-08 14:05:00+00:00,0,0,0.0,[]
2020-11-08 14:10:00+00:00,0,0,0.0,[]
2020-11-08 14:15:00+00:00,0,0,0.0,[]
2020-11-08 14:20:00+00:00,0,0,0.0,[]
2020-11-08 14:25:00+00:00,0,0,0.0,[]
2020-11-08 14:30:00+00:00,0,0,0.0,[]
2020-11-08 14:35:00+00:00,0,0,0.0,[]
2020-11-08 14:40:00+00:00,0,0,0.0,[]
2020-11-08 14:45:00+00:00,0,0,0.0,[]
2020-11-08 14:50:00+00:00,0,0,0.0,[]
2020-11-08 14:55:00+00:00,0,0,0.0,[]
2020-11-08 15:00:00+00:00,0,0,0.0,[]
2020-11-08 15:05:00+00:00,0,0,0.0,[]
2020-11-08 15:10:00+00:00,0,0,0.0,[]
2020-11-08 15:15:00+00:00,0,0,0.0,[]
2020-11-08 15:20:00+00:00,0,0,0.0,[]
2020-11-08 15:25:00+00:00,0,0,0.0,[]
2020-11-08 15:30:00+00:00,0,0,0.0,[]
2020-11-08 15:35:00+00:00,0,0,0.0,[]
2020-11-08 15:40:00+00:00,0,0,0.0,[]
2020-11-08 15:45:00+00:00,0,0,0.0,[]
2020-11-08 15:50:00+00:00,0,0,0.0,[]
2020-11-08 15:55:00+00:00,0,0,0.0,[]
2020-11-08 16:00:00+00:00,0,0,0.0,[]
2020-11-08 16:05:00+00:00,0,0,0.0,[]
2020-11-08 16:10:00+00:00,0,0,0.0,[]
2020-11-08 16:15:00+00:00,0,0,0.0,[]
2020-11-08 16:20:00+00:00,0,0,0.0,[]
2020-11-08 16:25:00+00:00,0,0,0.0,[]
2020-11-08 16:30:00+00:00,0,0,0.0,[]
2020-11-08 16:35:00+00:00,0,0,0.0,[]
2020-11-08 16:40:00+00:00,0,0,0.0,[]
2020-11-08 16:45:00+00:00,0,0,0.0,[]
2020-11-08 16:50:00+00:00,0,0,0.0,[]
2020-11-08 16:55:00+00:00,0,0,0.0,[]
2020-11-08 17:00:00+00:00,0,0,0.0,[]
2020-11-08 17:05:00+00:00,0,0,0.0,[]
2020-11-08 17:10:00+00:00,0,0,0.0,[]
2020-11-08 17:15:00+00:00,0,0,0.0,[]
2020-11-08 17:20:00+00:00,0,0,0.0,[]
2020-11-08 17:25:00+00:00,0,0,0.0,[]
2020-11-08 17:30:00+00:00,0,0,0.0,[]
2020-11-08 17:35:00+00:00,0,0,0.0,[]
2020-11-08 17:40:00+00:00,0,0,0.0,[]
2020-11-08 17:45:00+00:00,0,0,0.0,[]
2020-11-08 17:50:00+00:00,0,0,0.0,[]
2020-11-08 17:55:00+00:00,0,0,0.0,[]
2020-11-08 18:00:00+00:00,0,0,0.0,[]
2020-11-08 18:05:00+00:00,0,0,0.0,[]
2020-11-08 18:10:00+00:00,0,0,0.0,[]
2020-11-08 18:15:00+00:00,0,0,0.0,[]
2020-11-08 18:20:00+00:00,0,0,0.0,[]
2020-11-08 18:25:00+00:00,0,0,0.0,[]
2020-11-08 18:30:00+00:00,0,0,0.0,[]
2020-11-08 18:35:00+00:00,0,0,0.0,[]
2020-11-08 18:40:00+00:00,0,0,0.0,[]
2020-11-08 18:45:00+00:00,0,0,0.0,[]
2020-11-08 18:50:00+00:00,0,0,0.0,[]
2020-11-08 18:55:00+00:00,0,0,0.0,[]
2020-11-08 19:00:00+00:00,0,0,0.0,[]
2020-11-08 19:05:00+00:00,0,0,0.0,[]
2020-11-08 19:10:00+00:00,0,0,0.0,[]
2020-11-08 19:15:00+00:00,0,0,0.0,[]
2020-11-08 19:20:00+00:00,0,0,0.0,[]
2020-11-08 19:25:00+00:00,0,0,0.0,[]
2020-11-08 19:30:00+00:00,0,0,0.0,[]
2020-11-08 19:35:00+00:00,0,0,0.0,[]
2020-11-08 19:40:00+00:00,0,0,0.0,[]
2020-11-08 19:45:00+00:00,0,0,0.0,[]
2020-11-08 19:50:00+00:00,0,0,0.0,[]
2020-11-08 19:55:00+00:00,0,0,0.0,[]
2020-11-08 20:00:00+00:00,0,0,0.0,[]
2020-11-08 20:05:00+00:00,0,0,0.0,[]
2020-11-08 20:10:00+00:00,0,0,0.0,[]
2020-11-08 20:15:00+00:00,0,0,0.0,[]
2020-11-08 20:20:00+00:00,0,0,0.0,[]
2020-11-08 20:25:00+00:00,0,0,0.0,[]
2020-11-08 20:30:00+00:00,0,0,0.0,[]
2020-11-08 20:35:00+00:00,0,0,0.0,[]
2020-11-08 20:40:00+00:00,0,0,0.0,[]
2020-11-08 20:45:00+00:00,0,0,0.0,[]
2020-11-08 20:50:00+00:00,0,0,0.0,[]
2020-11-08 20:55:00+00:00,0,0,0.0,[]
2020-11-08 21:00:00+00:00,0,0,0.0,[]
2020-11-08 21:05:00+00:00,0,0,0.0,[]
2020-11-08 21:10:00+00:00,0,0,0.0,[]
2020-11-08 21:15:00+00:00,0,0,0.0,[]
2020-11-08 21:20:00+00:00,0,0,0.0,[]
2020-11-08 21:25:00+00:00,0,0,0.0,[]
2020-11-08 21:30:00+00:00,0,0,0.0,[]
2020-11-08 21:35:00+00:00,0,0,0.0,[]
2020-11-08 21:40:00+00:00,0,0,0.0,[]
2020-11-08 21:45:00+00:00,0,0,0.0,[]
2020-11-08 21:50:00+00:00,0,0,0.0,[]
2020-11-08 21:55:00+00:00,0,0,0.0,[]
2020-11-08 22:00:00+00:00,0,0,0.0,[]
2020-11-08 22:05:00+00:00,0,0,0.0,[]
2020-11-08 22:10:00+00:00,0,0,0.0,[]
2020-11-08 22:15:00+00:00,0,0,0.0,[]
2020-11-08 22:20:00+00:00,0,0,0.0,[]
2020-11-08 22:25:00+00:00,0,0,0.0,[]
2020-11-08 22:30:00+00:00,0,0,0.0,[]
2020-11-08 22:35:00+00:00,0,0,0.0,[]
2020-11-08 22:40:00+00:00,0,0,0.0,[]
2020-11-08 22:45:00+00:00,0,0,0.0,[]
2020-11-08 22:50:00+00:00,0,0,0.0,[]
2020-11-08 22:55:00+00:00,0,0,0.0,[]
2020-11-08 23:00:00+00:00,0,0,0.0,[]
2020-11-08 23:05:00+00:00,0,0,0.0,[]
2020-11-08 23:10:00+00:00,0,0,0.0,[]
2020-11-08 23:15:00+00:00,0,0,0.0,[]
2020-11-08 23:20:00+00:00,0,0,0.0,[]
2020-11-08 23:25:00+00:00,0,0,0.0,[]
2020-11-08 23:30:00+00:00,0,0,0.0,[]
2020-11-08 23:35:00+00:00,0,0,0.0,[]
2020-11-08 23:40:00+00:00,0,0,0.0,[]
2020-11-08 23:45:00+00:00,0,0,0.0,[]
2020-11-08 23:50:00+00:00,0,0,0.0,[]
2020-11-08 23:55:00+00:00,0,0,0.0,[]
2020-11-09 00:00:00+00:00,0,0,0.0,[]
2020-11-09 00:05:00+00:00,0,0,0.0,[]
2020-11-09 00:10:00+00:00,0,0,0.0,[]
2020-11-09 00:15:00+00:00,0,0,0.0,[]
2020-11-09 00:20:00+00:00,0,0,0.0,[]
2020-11-09 00:25:00+00:00,0,0,0.0,[]
2020-11-09 00:30:00+00:00,0,0,0.0,[]
2020-11-09 00:35:00+00:00,0,0,0.0,[]
2020-11-09 00:40:00+00:00,0,0,0.0,[]
2020-11-09 00:45:00+00:00,0,0,0.0,[]
2020-11-09 00:50:00+00:00,0,0,0.0,[]
2020-11-09 00:55:00+00:00,0,0,0.0,[]
2020-11-09 01:00:00+00:00,0,0,0.0,[]
2020-11-09 01:05:00+00:00,0,0,0.0,[]
2020-11-09 01:10:00+00:00,0,0,0.0,[]
2020-11-09 01:15:00+00:00,0,0,0.0,[]
2020-11-09 01:20:00+00:00,0,0,0.0,[]
2020-11-09 01:25:00+00:00,0,0,0.0,[]
2020-11-09 01:30:00+00:00,0,0,0.0,[]
2020-11-09 01:35:00+00:00,0,0,0.0,[]
2020-11-09 01:40:00+00:00,0,0,0.0,[]
2020-11-09 01:45:00+00:00,0,0,0.0,[]
2020-11-09 01:50:00+00:00,0,0,0.0,[]
2020-11-09 01:55:00+00:00,0,0,0.0,[]
2020-11-09 02:00:00+00:00,0,0,0.0,[]
2020-11-09 02:05:00+00:00,0,0,0.0,[]
2020-11-09 02:10:00+00:00,0,0,0.0,[]
2020-11-09 02:15:00+00:00,0,0,0.0,[]
2020-11-09 02:20:00+00:00,0,0,0.0,[]
2020-11-09 02:25:00+00:00,0,0,0.0,[]
2020-11-09 02:30:00+00:00,0,0,0.0,[]
2020-11-09 02:35:00+00:00,0,0,0.0,[]
2020-11-09 02:40:00+00:00,0,0,0.0,[]
2020-11-09 02:45:00+00:00,0,0,0.0,[]
2020-11-09 02:50:00+00:00,0,0,0.0,[]
2020-11-09 02:55:00+00:00,0,0,0.0,[]
2020-11-09 03:00:00+00:00,0,0,0.0,[]
2020-11-09 03:05:00+00:00,0,0,0.0,[]
2020-11-09 03:10:00+00:00,0,0,0.0,[]
2020-11-09 03:15:00+00:00,0,0,0.0,[]
2020-11-09 03:20:00+00:00,0,0,0.0,[]
2020-11-09 03:25:00+00:00,0,0,0.0,[]
2020-11-09 03:30:00+00:00,0,0,0.0,[]
2020-11-09 03:35:00+00:00,0,0,0.0,[]
2020-11-09 03:40:00+00:00,0,0,0.0,[]
2020-11-09 03:45:00+00:00,0,0,0.0,[]
2020-11-09 03:50:00+00:00,0,0,0.0,[]
2020-11-09 03:55:00+00:00,0,0,0.0,[]
2020-11-09 04:00:00+00:00,0,0,0.0,[]
2020-11-09 04:05:00+00:00,0,0,0.0,[]
2020-11-09 04:10:00+00:00,0,0,0.0,[]
2020-11-09 04:15:00+00:00,0,0,0.0,[]
2020-11-09 04:20:00+00:00,0,0,0.0,[]
2020-11-09 04:25:00+00:00,0,0,0.0,[]
2020-11-09 04:30:00+00:00,0,0,0.0,[]
2020-11-09 04:35:00+00:00,0,0,0.0,[]
2020-11-09 04:40:00+00:00,0,0,0.0,[]
2020-11-09 04:45:00+00:00,0,0,0.0,[]
2020-11-09 04:50:00+00:00,0,0,0.0,[]
2020-11-09 04:55:00+00:00,0,0,0.0,[]
2020-11-09 05:00:00+00:00,0,0,0.0,[]
2020-11-09 05:05:00+00:00,0,0,0.0,[]
2020-11-09 05:10:00+00:00,0,0,0.0,[]
2020-11-09 05:15:00+00:00,0,0,0.0,[]
2020-11-09 05:20:00+00:00,0,0,0.0,[]
2020-11-09 05:25:00+00:00,0,0,0.0,[]
2020-11-09 05:30:00+00:00,0,0,0.0,[]
2020-11-09 05:35:00+00:00,0,0,0.0,[]
2020-11-09 05:40:00+00:00,0,0,0.0,[]
2020-11-09 05:45:00+00:00,0,0,0.0,[]
2020-11-09 05:50:00+00:00,0,0,0.0,[]
2020-11-09 05:55:00+00:00,0,0,0.0,[]
2020-11-09 06:00:00+00:00,0,0,0.0,[]
2020-11-09 06:05:00+00:00,0,0,0.0,[]
2020-11-09 06:10:00+00:00,0,0,0.0,[]
2020-11-09 06:15:00+00:00,0,0,0.0,[]
2020-11-09 06:20:00+00:00,0,0,0.0,[]
2020-11-09 06:25:00+00:00,0,0,0.0,[]
2020-11-09 06:30:00+00:00,0,0,0.0,[]
2020-11-09 06:35:00+00:00,0,0,0.0,[]
2020-11-09 06:40:00+00:00,0,0,0.0,[]
2020-11-09 06:45:00+00:00,0,0,0.0,[]
2020-11-09 06:50:00+00:00,0,0,0.0,[]
2020-11-09 06:55:00+00:00,0,0,0.0,[]
2020-11-09 07:00:00+00:00,0,0,0.0,[]
2020-11-09 07:05:00+00:00,0,0,0.0,[]
2020-11-09 07:10:00+00:00,0,0,0.0,[]
2020-11-09 07:15:00+00:00,0,0,0.0,[]
2020-11-09 07:20:00+00:00,0,0,0.0,[]
2020-11-09 07:25:00+00:00,0,0,0.0,[]
2020-11-09 07:30:00+00:00,0,0,0.0,[]
2020-11-09 07:35:00+00:00,0,0,0.0,[]
2020-11-09 07:40:00+00:00,0,0,0.0,[]
2020-11-09 07:45:00+00:00,0,0,0.0,[]
2020-11-09 07:50:00+00:00,0,0,0.0,[]
2020-11-09 07:55:00+00:00,0,0,0.0,[]
2020-11-09 08:00:00+00:00,0,0,0.0,[]
2020-11-09 08:05:00+00:00,0,0,0.0,[]
2020-11-09 08:10:00+00:00,0,0,0.0,[]
2020-11-09 08:15:00+00:00,0,0,0.0,[]
2020-11-09 08:20:00+00:00,0,0,0.0,[]
2020-11-09 08:25:00+00:00,0,0,0.0,[]
2020-11-09 08:30:00+00:00,0,0,0.0,[]
2020-11-09 08:35:00+00:00,0,0,0.0,[]
2020-11-09 08:40:00+00:00,0,0,0.0,[]
2020-11-09 08:45:00+00:00,0,0,0.0,[]
2020-11-09 08:50:00+00:00,0,0,0.0,[]
2020-11-09 08:55:00+00:00,0,0,0.0,[]
2020-11-09 09:00:00+00:00,0,0,0.0,[]
2020-11-09 09:05:00+00:00,0,0,0.0,[]
2020-11-09 09:10:00+00:00,0,0,0.0,[]
2020-11-09 09:15:00+00:00,0,0,0.0,[]
2020-11-09 09:20:00+00:00,0,0,0.0,[]
2020-11-09 09:25:00+00:00,0,0,0.0,[]
2020-11-09 09:30:00+00:00,0,0,0.0,[]
2020-11-09 09:35:00+00:00,0,0,0.0,[]
2020-11-09 09:40:00+00:00,0,0,0.0,[]
2020-11-09 09:45:00+00:00,0,0,0.0,[]
2020-11-09 09:50:00+00:00,0,0,0.0,[]
2020-11-09 09:55:00+00:00,0,0,0.0,[]
2020-11-09 10:00:00+00:00,0,0,0.0,[]
2020-11-09 10:05:00+00:00,0,0,0.0,[]
2020-11-09 10:10:00+00:00,0,0,0.0,[]
2020-11-09 10:15:00+00:00,0,0,0.0,[]
2020-11-09 10:20:00+00:00,0,0,0.0,[]
2020-11-09 10:25:00+00:00,0,0,0.0,[]
2020-11-09 10:30:00+00:00,0,0,0.0,[]
2020-11-09 10:35:00+00:00,0,0,0.0,[]
2020-11-09 10:40:00+00:00,0,0,0.0,[]
2020-11-09 10:45:00+00:00,0,0,0.0,[]
2020-11-09 10:50:00+00:00,0,0,0.0,[]
2020-11-09 10:55:00+00:00,0,0,0.0,[]
2020-11-09 11:00:00+00:00,0,0,0.0,[]
2020-11-09 11:05:00+00:00,0,0,0.0,[]
2020-11-09 11:10:00+00:00,0,0,0.0,[]
2020-11-09 11:15:00+00:00,0,0,0.0,[]
2020-11-09 11:20:00+00:00,0,0,0.0,[]
2020-11-09 11:25:00+00:00,0,0,0.0,[]
2020-11-09 11:30:00+00:00,0,0,0.0,[]
2020-11-09 11:35:00+00:00,0,0,0.0,[]
2020-11-09 11:40:00+00:00,0,0,0.0,[]
2020-11-09 11:45:00+00:00,0,0,0.0,[]
2020-11-09 11:50:00+00:00,0,0,0.0,[]
2020-11-09 11:55:00+00:00,0,0,0.0,[]
2020-11-09 12:00:00+00:00,0,0,0.0,[]
2020-11-09 12:05:00+00:00,0,0,0.0,[]
2020-11-09 12:10:00+00:00,0,0,0.0,[]
2020-11-09 12:15:00+00:00,0,0,0.0,[]
2020-11-09 12:20:00+00:00,0,0,0.0,[]
2020-11-09 12:25:00+00:00,0,0,0.0,[]
2020-11-09 12:30:00+00:00,0,0,0.0,[]
2020-11-09 12:35:00+00:00,0,0,0.0,[]
2020-11-09 12:40:00+00:00,0,0,0.0,[]
2020-11-09 12:45:00+00:00,0,0,0.0,[]
2020-11-09 12:50:00+00:00,0,0,0.0,[]
2020-11-09 12:55:00+00:00,0,0,0.0,[]
2020-11-09 13:00:00+00:00,0,0,0.0,[]
2020-11-09 13:05:00+00:00,0,0,0.0,[]
2020-11-09 13:10:00+00:00,0,0,0.0,[]
2020-11-09 13:15:00+00:00,0,0,0.0,[]
2020-11-09 13:20:00+00:00,0,0,0.0,[]
2020-11-09 13:25:00+00:00,0,0,0.0,[]
2020-11-09 13:30:00+00:00,0,0,0.0,[]
2020-11-09 13:35:00+00:00,0,0,0.0,[]
2020-11-09 13:40:00+00:00,0,0,0.0,[]
2020-11-09 13:45:00+00:00,0,0,0.0,[]
2020-11-09 13:50:00+00:00,0,0,0.0,[]
2020-11-09 13:55:00+00:00,0,0,0.0,[]
2020-11-09 14:00:00+00:00,0,0,0.0,[]
2020-11-09 14:05:00+00:00,0,0,0.0,[]
2020-11-09 14:10:00+00:00,0,0,0.0,[]
2020-11-09 14:15:00+00:00,0,0,0.0,[]
2020-11-09 14:20:00+00:00,0,0,0.0,[]
2020-11-09 14:25:00+00:00,0,0,0.0,[]
2020-11-09 14:30:00+00:00,0,0,0.0,[]
2020-11-09 14:35:00+00:00,0,0,0.0,[]
2020-11-09 14:40:00+00:00,0,0,0.0,[]
2020-11-09 14:45:00+00:00,0,0,0.0,[]
2020-11-09 14:50:00+00:00,0,0,0.0,[]
2020-11-09 14:55:00+00:00,0,0,0.0,[]
2020-11-09 15:00:00+00:00,0,0,0.0,[]
2020-11-09 15:05:00+00:00,0,0,0.0,[]
2020-11-09 15:10:00+00:00,0,0,0.0,[]
2020-11-09 15:15:00+00:00,0,0,0.0,[]
2020-11-09 15:20:00+00:00,0,0,0.0,[]
2020-11-09 15:25:00+00:00,0,0,0.0,[]
2020-11-09 15:30:00+00:00,0,0,0.0,[]
2020-11-09 15:35:00+00:00,0,0,0.0,[]
2020-11-09 15:40:00+00:00,0,0,0.0,[]
2020-11-09 15:45:00+00:00,0,0,0.0,[]
2020-11-09 15:50:00+00:00,0,0,0.0,[]
2020-11-09 15:55:00+00:00,0,0,0.0,[]
2020-11-09 16:00:00+00:00,0,0,0.0,[]
2020-11-09 16:05:00+00:00,0,0,0.0,[]
2020-11-09 16:10:00+00:00,0,0,0.0,[]
2020-11-09 16:15:00+00:00,0,0,0.0,[]
2020-11-09 16:20:00+00:00,0,0,0.0,[]
2020-11-09 16:25:00+00:00,0,0,0.0,[]
2020-11-09 16:30:00+00:00,0,0,0.0,[]
2020-11-09 16:35:00+00:00,0,0,0.0,[]
2020-11-09 16:40:00+00:00,0,0,0.0,[]
2020-11-09 16:45:00+00:00,0,0,0.0,[]
2020-11-09 16:50:00+00:00,0,0,0.0,[]
2020-11-09 16:55:00+00:00,0,0,0.0,[]
2020-11-09 17:00:00+00:00,0,0,0.0,[]
2020-11-09 17:05:00+00:00,0,0,0.0,[]
2020-11-09 17:10:00+00:00,0,0,0.0,[]
2020-11-09 17:15:00+00:00,0,0,0.0,[]
2020-11-09 17:20:00+00:00,0,0,0.0,[]
2020-11-09 17:25:00+00:00,0,0,0.0,[]
2020-11-09 17:30:00+00:00,0,0,0.0,[]
2020-11-09 17:35:00+00:00,0,0,0.0,[]
2020-11-09 17:40:00+00:00,0,0,0.0,[]
2020-11-09 17:45:00+00:00,0,0,0.0,[]
2020-11-09 17:50:00+00:00,0,0,0.0,[]
2020-11-09 17:55:00+00:00,0,0,0.0,[]
2020-11-09 18:00:00+00:00,0,0,0.0,[]
2020-11-09 18:05:00+00:00,0,0,0.0,[]
2020-11-09 18:10:00+00:00,0,0,0.0,[]
2020-11-09 18:15:00+00:00,0,0,0.0,[]
2020-11-09 18:20:00+00:00,0,0,0.0,[]
2020-11-09 18:25:00+00:00,0,0,0.0,[]
2020-11-09 18:30:00+00:00,0,0,0.0,[]
2020-11-09 18:35:00+00:00,0,0,0.0,[]
2020-11-09 18:40:00+00:00,0,0,0.0,[]
2020-11-09 18:45:00+00:00,0,0,0.0,[]
2020-11-09 18:50:00+00:00,0,0,0.0,[]
2020-11-09 18:55:00+00:00,0,0,0.0,[]
2020-11-09 19:00:00+00:00,0,0,0.0,[]
2020-11-09 19:05:00+00:00,0,0,0.0,[]
2020-11-09 19:10:00+00:00,0,0,0.0,[]
2020-11-09 19:15:00+00:00,0,0,0.0,[]
2020-11-09 19:20:00+00:00,0,0,0.0,[]
2020-11-09 19:25:00+00:00,0,0,0.0,[]
2020-11-09 19:30:00+00:00,0,0,0.0,[]
2020-11-09 19:35:00+00:00,0,0,0.0,[]
2020-11-09 19:40:00+00:00,0,0,0.0,[]
2020-11-09 19:45:00+00:00,0,0,0.0,[]
2020-11-09 19:50:00+00:00,0,0,0.0,[]
2020-11-09 19:55:00+00:00,0,0,0.0,[]
2020-11-09 20:00:00+00:00,0,0,0.0,[]
2020-11-09 20:05:00+00:00,0,0,0.0,[]
2020-11-09 20:10:00+00:00,0,0,0.0,[]
2020-11-09 20:15:00+00:00,0,0,0.0,[]
2020-11-09 20:20:00+00:00,0,0,0.0,[]
2020-11-09 20:25:00+00:00,0,0,0.0,[]
2020-11-09 20:30:00+00:00,0,0,0.0,[]
2020-11-09 20:35:00+00:00,0,0,0.0,[]
2020-11-09 20:40:00+00:00,0,0,0.0,[]
2020-11-09 20:45:00+00:00,0,0,0.0,[]
2020-11-09 20:50:00+00:00,0,0,0.0,[]
2020-11-09 20:55:00+00:00,0,0,0.0,[]
2020-11-09 21:00:00+00:00,0,0,0.0,[]
2020-11-09 21:05:00+00:00,0,0,0.0,[]
2020-11-09 21:10:00+00:00,0,0,0.0,[]
2020-11-09 21:15:00+00:00,0,0,0.0,[]
2020-11-09 21:20:00+00:00,0,0,0.0,[]
2020-11-09 21:25:00+00:00,0,0,0.0,[]
2020-11-09 21:30:00+00:00,0,0,0.0,[]
2020-11-09 21:35:00+00:00,0,0,0.0,[]
2020-11-09 21:40:00+00:00,0,0,0.0,[]
2020-11-09 21:45:00+00:00,0,0,0.0,[]
2020-11-09 21:50:00+00:00,0,0,0.0,[]
2020-11-09 21:55:00+00:00,0,0,0.0,[]
2020-11-09 22:00:00+00:00,0,0,0.0,[]
2020-11-09 22:05:00+00:00,0,0,0.0,[]
2020-11-09 22:10:00+00:00,0,0,0.0,[]
2020-11-09 22:15:00+00:00,0,0,0.0,[]
2020-11-09 22:20:00+00:00,0,0,0.0,[]
2020-11-09 22:25:00+00:00,0,0,0.0,[]
2020-11-09 22:30:00+00:00,0,0,0.0,[]
2020-11-09 22:35:00+00:00,0,0,0.0,[]
2020-11-09 22:40:00+00:00,0,0,0.0,[]
2020-11-09 22:45:00+00:00,0,0,0.0,[]
2020-11-09 22:50:00+00:00,0,0,0.0,[]
2020-11-09 22:55:00+00:00,0,0,0.0,[]
2020-11-09 23:00:00+00:00,0,0,0.0,[]
2020-11-09 23:05:00+00:00,0,0,0.0,[]
2020-11-09 23:10:00+00:00,0,0,0.0,[]
2020-11-09 23:15:00+00:00,0,0,0.0,[]
2020-11-09 23:20:00+00:00,0,0,0.0,[]
2020-11-09 23:25:00+00:00,0,0,0.0,[]
2020-11-09 23:30:00+00:00,0,0,0.0,[]
2020-11-09 23:35:00+00:00,0,0,0.0,[]
2020-11-09 23:40:00+00:00,0,0,0.0,[]
2020-11-09 23:45:00+00:00,0,0,0.0,[]
2020-11-09 23:50:00+00:00,0,0,0.0,[]
2020-11-09 23:55:00+00:00,0,0,0.0,[]
2020-11-10 00:00:00+00:00,0,0,0.0,[]
2020-11-10 00:05:00+00:00,0,0,0.0,[]
2020-11-10 00:10:00+00:00,0,0,0.0,[]
2020-11-10 00:15:00+00:00,0,0,0.0,[]
2020-11-10 00:20:00+00:00,0,0,0.0,[]
2020-11-10 00:25:00+00:00,0,0,0.0,[]
2020-11-10 00:30:00+00:00,0,0,0.0,[]
2020-11-10 00:35:00+00:00,0,0,0.0,[]
2020-11-10 00:40:00+00:00,0,0,0.0,[]
2020-11-10 00:45:00+00:00,0,0,0.0,[]
2020-11-10 00:50:00+00:00,0,0,0.0,[]
2020-11-10 00:55:00+00:00,0,0,0.0,[]
2020-11-10 01:00:00+00:00,0,0,0.0,[]
2020-11-10 01:05:00+00:00,0,0,0.0,[]
2020-11-10 01:10:00+00:00,0,0,0.0,[]
2020-11-10 01:15:00+00:00,0,0,0.0,[]
2020-11-10 01:20:00+00:00,0,0,0.0,[]
2020-11-10 01:25:00+00:00,0,0,0.0,[]
2020-11-10 01:30:00+00:00,0,0,0.0,[]
2020-11-10 01:35:00+00:00,0,0,0.0,[]
2020-11-10 01:40:00+00:00,0,0,0.0,[]
2020-11-10 01:45:00+00:00,0,0,0.0,[]
2020-11-10 01:50:00+00:00,0,0,0.0,[]
2020-11-10 01:55:00+00:00,0,0,0.0,[]
2020-11-10 02:00:00+00:00,0,0,0.0,[]
2020-11-10 02:05:00+00:00,0,0,0.0,[]
2020-11-10 02:10:00+00:00,0,0,0.0,[]
2020-11-10 02:15:00+00:00,0,0,0.0,[]
2020-11-10 02:20:00+00:00,0,0,0.0,[]
2020-11-10 02:25:00+00:00,0,0,0.0,[]
2020-11-10 02:30:00+00:00,0,0,0.0,[]
2020-11-10 02:35:00+00:00,0,0,0.0,[]
2020-11-10 02:40:00+00:00,0,0,0.0,[]
2020-11-10 02:45:00+00:00,0,0,0.0,[]
2020-11-10 02:50:00+00:00,0,0,0.0,[]
2020-11-10 02:55:00+00:00,0,0,0.0,[]
2020-11-10 03:00:00+00:00,0,0,0.0,[]
2020-11-10 03:05:00+00:00,0,0,0.0,[]
2020-11-10 03:10:00+00:00,0,0,0.0,[]
2020-11-10 03:15:00+00:00,0,0,0.0,[]
2020-11-10 03:20:00+00:00,0,0,0.0,[]
2020-11-10 03:25:00+00:00,0,0,0.0,[]
2020-11-10 03:30:00+00:00,0,0,0.0,[]
2020-11-10 03:35:00+00:00,0,0,0.0,[]
2020-11-10 03:40:00+00:00,0,0,0.0,[]
2020-11-10 03:45:00+00:00,0,0,0.0,[]
2020-11-10 03:50:00+00:00,0,0,0.0,[]
2020-11-10 03:55:00+00:00,0,0,0.0,[]
2020-11-10 04:00:00+00:00,0,0,0.0,[]
2020-11-10 04:05:00+00:00,0,0,0.0,[]
2020-11-10 04:10:00+00:00,0,0,0.0,[]
2020-11-10 04:15:00+00:00,0,0,0.0,[]
2020-11-10 04:20:00+00:00,0,0,0.0,[]
2020-11-10 04:25:00+00:00,0,0,0.0,[]
2020-11-10 04:30:00+00:00,0,0,0.0,[]
2020-11-10 04:35:00+00:00,0,0,0.0,[]
2020-11-10 04:40:00+00:00,0,0,0.0,[]
2020-11-10 04:45:00+00:00,0,0,0.0,[]
2020-11-10 04:50:00+00:00,0,0,0.0,[]
2020-11-10 04:55:00+00:00,0,0,0.0,[]
2020-11-10 05:00:00+00:00,0,0,0.0,[]
2020-11-10 05:05:00+00:00,0,0,0.0,[]
2020-11-10 05:10:00+00:00,0,0,0.0,[]
2020-11-10 05:15:00+00:00,0,0,0.0,[]
2020-11-10 05:20:00+00:00,0,0,0.0,[]
2020-11-10 05:25:00+00:00,0,0,0.0,[]
2020-11-10 05:30:00+00:00,0,0,0.0,[]
2020-11-10 05:35:00+00:00,0,0,0.0,[]
2020-11-10 05:40:00+00:00,0,0,0.0,[]
2020-11-10 05:45:00+00:00,0,0,0.0,[]
2020-11-10 05:50:00+00:00,0,0,0.0,[]
2020-11-10 05:55:00+00:00,0,0,0.0,[]
2020-11-10 06:00:00+00:00,0,0,0.0,[]
2020-11-10 06:05:00+00:00,0,0,0.0,[]
2020-11-10 06:10:00+00:00,0,0,0.0,[]
2020-11-10 06:15:00+00:00,0,0,0.0,[]
2020-11-10 06:20:00+00:00,0,0,0.0,[]
2020-11-10 06:25:00+00:00,0,0,0.0,[]
2020-11-10 06:30:00+00:00,0,0,0.0,[]
2020-11-10 06:35:00+00:00,0,0,0.0,[]
2020-11-10 06:40:00+00:00,0,0,0.0,[]
2020-11-10 06:45:00+00:00,0,0,0.0,[]
2020-11-10 06:50:00+00:00,0,0,0.0,[]
2020-11-10 06:55:00+00:00,0,0,0.0,[]
2020-11-10 07:00:00+00:00,0,0,0.0,[]
2020-11-10 07:05:00+00:00,0,0,0.0,[]
2020-11-10 07:10:00+00:00,0,0,0.0,[]
2020-11-10 07:15:00+00:00,0,0,0.0,[]
2020-11-10 07:20:00+00:00,0,0,0.0,[]
2020-11-10 07:25:00+00:00,0,0,0.0,[]
2020-11-10 07:30:00+00:00,0,0,0.0,[]
2020-11-10 07:35:00+00:00,0,0,0.0,[]
2020-11-10 07:40:00+00:00,0,0,0.0,[]
2020-11-10 07:45:00+00:00,0,0,0.0,[]
2020-11-10 07:50:00+00:00,0,0,0.0,[]
2020-11-10 07:55:00+00:00,0,0,0.0,[]
2020-11-10 08:00:00+00:00,0,0,0.0,[]
2020-11-10 08:05:00+00:00,0,0,0.0,[]
2020-11-10 08:10:00+00:00,0,0,0.0,[]
2020-11-10 08:15:00+00:00,0,0,0.0,[]
2020-11-10 08:20:00+00:00,0,0,0.0,[]
2020-11-10 08:25:00+00:00,0,0,0.0,[]
2020-11-10 08:30:00+00:00,0,0,0.0,[]
2020-11-10 08:35:00+00:00,0,0,0.0,[]
2020-11-10 08:40:00+00:00,0,0,0.0,[]
2020-11-10 08:45:00+00:00,0,0,0.0,[]
2020-11-10 08:50:00+00:00,0,0,0.0,[]
2020-11-10 08:55:00+00:00,0,0,0.0,[]
2020-11-10 09:00:00+00:00,0,0,0.0,[]
2020-11-10 09:05:00+00:00,0,0,0.0,[]
2020-11-10 09:10:00+00:00,0,0,0.0,[]
2020-11-10 09:15:00+00:00,0,0,0.0,[]
2020-11-10 09:20:00+00:00,0,0,0.0,[]
2020-11-10 09:25:00+00:00,0,0,0.0,[]
2020-11-10 09:30:00+00:00,0,0,0.0,[]
2020-11-10 09:35:00+00:00,0,0,0.0,[]
2020-11-10 09:40:00+00:00,0,0,0.0,[]
2020-11-10 09:45:00+00:00,0,0,0.0,[]
2020-11-10 09:50:00+00:00,0,0,0.0,[]
2020-11-10 09:55:00+00:00,0,0,0.0,[]
2020-11-10 10:00:00+00:00,0,0,0.0,[]
2020-11-10 10:05:00+00:00,0,0,0.0,[]
2020-11-10 10:10:00+00:00,0,0,0.0,[]
2020-11-10 10:15:00+00:00,0,0,0.0,[]
2020-11-10 10:20:00+00:00,0,0,0.0,[]
2020-11-10 10:25:00+00:00,0,0,0.0,[]
2020-11-10 10:30:00+00:00,0,0,0.0,[]
2020-11-10 10:35:00+00:00,0,0,0.0,[]
2020-11-10 10:40:00+00:00,0,0,0.0,[]
2020-11-10 10:45:00+00:00,0,0,0.0,[]
2020-11-10 10:50:00+00:00,0,0,0.0,[]
2020-11-10 10:55:00+00:00,0,0,0.0,[]
2020-11-10 11:00:00+00:00,0,0,0.0,[]
2020-11-10 11:05:00+00:00,0,0,0.0,[]
2020-11-10 11:10:00+00:00,0,0,0.0,[]
2020-11-10 11:15:00+00:00,0,0,0.0,[]
2020-11-10 11:20:00+00:00,0,0,0.0,[]
2020-11-10 11:25:00+00:00,0,0,0.0,[]
2020-11-10 11:30:00+00:00,0,0,0.0,[]
2020-11-10 11:35:00+00:00,0,0,0.0,[]
2020-11-10 11:40:00+00:00,0,0,0.0,[]
2020-11-10 11:45:00+00:00,0,0,0.0,[]
2020-11-10 11:50:00+00:00,0,0,0.0,[]
2020-11-10 11:55:00+00:00,0,0,0.0,[]
2020-11-10 12:00:00+00:00,0,0,0.0,[]
2020-11-10 12:05:00+00:00,0,0,0.0,[]
2020-11-10 12:10:00+00:00,0,0,0.0,[]
2020-11-10 12:15:00+00:00,0,0,0.0,[]
2020-11-10 12:20:00+00:00,0,0,0.0,[]
2020-11-10 12:25:00+00:00,0,0,0.0,[]
2020-11-10 12:30:00+00:00,0,0,0.0,[]
2020-11-10 12:35:00+00:00,0,0,0.0,[]
2020-11-10 12:40:00+00:00,0,0,0.0,[]
2020-11-10 12:45:00+00:00,0,0,0.0,[]
2020-11-10 12:50:00+00:00,0,0,0.0,[]
2020-11-10 12:55:00+00:00,0,0,0.0,[]
2020-11-10 13:00:00+00:00,0,0,0.0,[]
2020-11-10 13:05:00+00:00,0,0,0.0,[]
2020-11-10 13:10:00+00:00,0,0,0.0,[]
2020-11-10 13:15:00+00:00,0,0,0.0,[]
2020-11-10 13:20:00+00:00,0,0,0.0,[]
2020-11-10 13:25:00+00:00,0,0,0.0,[]
2020-11-10 13:30:00+00:00,0,0,0.0,[]
2020-11-10 13:35:00+00:00,0,0,0.0,[]
2020-11-10 13:40:00+00:00,0,0,0.0,[]
2020-11-10 13:45:00+00:00,0,0,0.0,[]
2020-11-10 13:50:00+00:00,0,0,0.0,[]
2020-11-10 13:55:00+00:00,0,0,0.0,[]
2020-11-10 14:00:00+00:00,0,0,0.0,[]
2020-11-10 14:05:00+00:00,0,0,0.0,[]
2020-11-10 14:10:00+00:00,0,0,0.0,[]
2020-11-10 14:15:00+00:00,0,0,0.0,[]
2020-11-10 14:20:00+00:00,0,0,0.0,[]
2020-11-10 14:25:00+00:00,0,0,0.0,[]
2020-11-10 14:30:00+00:00,0,0,0.0,[]
2020-11-10 14:35:00+00:00,0,0,0.0,[]
2020-11-10 14:40:00+00:00,0,0,0.0,[]
2020-11-10 14:45:00+00:00,0,0,0.0,[]
2020-11-10 14:50:00+00:00,0,0,0.0,[]
2020-11-10 14:55:00+00:00,0,0,0.0,[]
2020-11-10 15:00:00+00:00,0,0,0.0,[]
2020-11-10 15:05:00+00:00,0,0,0.0,[]
2020-11-10 15:10:00+00:00,0,0,0.0,[]
2020-11-10 15:15:00+00:00,0,0,0.0,[]
2020-11-10 15:20:00+00:00,0,0,0.0,[]
2020-11-10 15:25:00+00:00,0,0,0.0,[]
2020-11-10 15:30:00+00:00,0,0,0.0,[]
2020-11-10 15:35:00+00:00,0,0,0.0,[]
2020-11-10 15:40:00+00:00,0,0,0.0,[]
2020-11-10 15:45:00+00:00,0,0,0.0,[]
2020-11-10 15:50:00+00:00,0,0,0.0,[]
2020-11-10 15:55:00+00:00,0,0,0.0,[]
2020-11-10 16:00:00+00:00,0,0,0.0,[]
2020-11-10 16:05:00+00:00,0,0,0.0,[]
2020-11-10 16:10:00+00:00,0,0,0.0,[]
2020-11-10 16:15:00+00:00,0,0,0.0,[]
2020-11-10 16:20:00+00:00,0,0,0.0,[]
2020-11-10 16:25:00+00:00,0,0,0.0,[]
2020-11-10 16:30:00+00:00,0,0,0.0,[]
2020-11-10 16:35:00+00:00,0,0,0.0,[]
2020-11-10 16:40:00+00:00,0,0,0.0,[]
2020-11-10 16:45:00+00:00,0,0,0.0,[]
2020-11-10 16:50:00+00:00,0,0,0.0,[]
2020-11-10 16:55:00+00:00,0,0,0.0,[]
2020-11-10 17:00:00+00:00,0,0,0.0,[]
2020-11-10 17:05:00+00:00,0,0,0.0,[]
2020-11-10 17:10:00+00:00,0,0,0.0,[]
2020-11-10 17:15:00+00:00,0,0,0.0,[]
2020-11-10 17:20:00+00:00,0,0,0.0,[]
2020-11-10 17:25:00+00:00,0,0,0.0,[]
2020-11-10 17:30:00+00:00,0,0,0.0,[]
2020-11-10 17:35:00+00:00,0,0,0.0,[]
2020-11-10 17:40:00+00:00,0,0,0.0,[]
2020-11-10 17:45:00+00:00,0,0,0.0,[]
2020-11-10 17:50:00+00:00,0,0,0.0,[]
2020-11-10 17:55:00+00:00,0,0,0.0,[]
2020-11-10 18:00:00+00:00,0,0,0.0,[]
2020-11-10 18:05:00+00:00,0,0,0.0,[]
2020-11-10 18:10:00+00:00,0,0,0.0,[]
2020-11-10 18:15:00+00:00,0,0,0.0,[]
2020-11-10 18:20:00+00:00,0,0,0.0,[]
2020-11-10 18:25:00+00:00,0,0,0.0,[]
2020-11-10 18:30:00+00:00,0,0,0.0,[]
2020-11-10 18:35:00+00:00,0,0,0.0,[]
2020-11-10 18:40:00+00:00,0,0,0.0,[]
2020-11-10 18:45:00+00:00,0,0,0.0,[]
2020-11-10 18:50:00+00:00,0,0,0.0,[]
2020-11-10 18:55:00+00:00,0,0,0.0,[]
2020-11-10 19:00:00+00:00,0,0,0.0,[]
2020-11-10 19:05:00+00:00,0,0,0.0,[]
2020-11-10 19:10:00+00:00,0,0,0.0,[]
2020-11-10 19:15:00+00:00,0,0,0.0,[]
2020-11-10 19:20:00+00:00,0,0,0.0,[]
2020-11-10 19:25:00+00:00,0,0,0.0,[]
2020-11-10 19:30:00+00:00,0,0,0.0,[]
2020-11-10 19:35:00+00:00,0,0,0.0,[]
2020-11-10 19:40:00+00:00,0,0,0.0,[]
2020-11-10 19:45:00+00:00,0,0,0.0,[]
2020-11-10 19:50:00+00:00,0,0,0.0,[]
2020-11-10 19:55:00+00:00,0,0,0.0,[]
2020-11-10 20:00:00+00:00,0,0,0.0,[]
2020-11-10 20:05:00+00:00,0,0,0.0,[]
2020-11-10 20:10:00+00:00,0,0,0.0,[]
2020-11-10 20:15:00+00:00,0,0,0.0,[]
2020-11-10 20:20:00+00:00,0,0,0.0,[]
2020-11-10 20:25:00+00:00,0,0,0.0,[]
2020-11-10 20:30:00+00:00,0,0,0.0,[]
2020-11-10 20:35:00+00:00,0,0,0.0,[]
2020-11-10 20:40:00+00:00,0,0,0.0,[]
2020-11-10 20:45:00+00:00,0,0,0.0,[]
2020-11-10 20:50:00+00:00,0,0,0.0,[]
2020-11-10 20:55:00+00:00,0,0,0.0,[]
2020-11-10 21:00:00+00:00,0,0,0.0,[]
2020-11-10 21:05:00+00:00,0,0,0.0,[]
2020-11-10 21:10:00+00:00,0,0,0.0,[]
2020-11-10 21:15:00+00:00,0,0,0.0,[]
2020-11-10 21:20:00+00:00,0,0,0.0,[]
2020-11-10 21:25:00+00:00,0,0,0.0,[]
2020-11-10 21:30:00+00:00,0,0,0.0,[]
2020-11-10 21:35:00+00:00,0,0,0.0,[]
2020-11-10 21:40:00+00:00,0,0,0.0,[]
2020-11-10 21:45:00+00:00,0,0,0.0,[]
2020-11-10 21:50:00+00:00,0,0,0.0,[]
2020-11-10 21:55:00+00:00,0,0,0.0,[]
2020-11-10 22:00:00+00:00,0,0,0.0,[]
2020-11-10 22:05:00+00:00,0,0,0.0,[]
2020-11-10 22:10:00+00:00,0,0,0.0,[]
2020-11-10 22:15:00+00:00,0,0,0.0,[]
2020-11-10 22:20:00+00:00,0,0,0.0,[]
2020-11-10 22:25:00+00:00,0,0,0.0,[]
2020-11-10 22:30:00+00:00,0,0,0.0,[]
2020-11-10 22:35:00+00:00,0,0,0.0,[]
2020-11-10 22:40:00+00:00,0,0,0.0,[]
2020-11-10 22:45:00+00:00,0,0,0.0,[]
2020-11-10 22:50:00+00:00,0,0,0.0,[]
2020-11-10 22:55:00+00:00,0,0,0.0,[]
2020-11-10 23:00:00+00:00,0,0,0.0,[]
2020-11-10 23:05:00+00:00,0,0,0.0,[]
2020-11-10 23:10:00+00:00,0,0,0.0,[]
2020-11-10 23:15:00+00:00,0,0,0.0,[]
2020-11-10 23:20:00+00:00,0,0,0.0,[]
2020-11-10 23:25:00+00:00,0,0,0.0,[]
2020-11-10 23:30:00+00:00,0,0,0.0,[]
2020-11-10 23:35:00+00:00,0,0,0.0,[]
2020-11-10 23:40:00+00:00,0,0,0.0,[]
2020-11-10 23:45:00+00:00,0,0,0.0,[]
2020-11-10 23:50:00+00:00,0,0,0.0,[]
2020-11-10 23:55:00+00:00,0,0,0.0,[]
2020-11-11 00:00:00+00:00,0,0,0.0,[]
2020-11-11 00:05:00+00:00,0,0,0.0,[]
2020-11-11 00:10:00+00:00,0,0,0.0,[]
2020-11-11 00:15:00+00:00,0,0,0.0,[]
2020-11-11 00:20:00+00:00,0,0,0.0,[]
2020-11-11 00:25:00+00:00,0,0,0.0,[]
2020-11-11 00:30:00+00:00,0,0,0.0,[]
2020-11-11 00:35:00+00:00,0,0,0.0,[]
2020-11-11 00:40:00+00:00,0,0,0.0,[]
2020-11-11 00:45:00+00:00,0,0,0.0,[]
2020-11-11 00:50:00+00:00,0,0,0.0,[]
2020-11-11 00:55:00+00:00,0,0,0.0,[]
2020-11-11 01:00:00+00:00,0,0,0.0,[]
2020-11-11 01:05:00+00:00,0,0,0.0,[]
2020-11-11 01:10:00+00:00,0,0,0.0,[]
2020-11-11 01:15:00+00:00,0,0,0.0,[]
2020-11-11 01:20:00+00:00,0,0,0.0,[]
2020-11-11 01:25:00+00:00,0,0,0.0,[]
2020-11-11 01:30:00+00:00,0,0,0.0,[]
2020-11-11 01:35:00+00:00,0,0,0.0,[]
2020-11-11 01:40:00+00:00,0,0,0.0,[]
2020-11-11 01:45:00+00:00,0,0,0.0,[]
2020-11-11 01:50:00+00:00,0,0,0.0,[]
2020-11-11 01:55:00+00:00,0,0,0.0,[]
2020-11-11 02:00:00+00:00,0,0,0.0,[]
2020-11-11 02:05:00+00:00,0,0,0.0,[]
2020-11-11 02:10:00+00:00,0,0,0.0,[]
2020-11-11 02:15:00+00:00,0,0,0.0,[]
2020-11-11 02:20:00+00:00,0,0,0.0,[]
2020-11-11 02:25:00+00:00,0,0,0.0,[]
2020-11-11 02:30:00+00:00,0,0,0.0,[]
2020-11-11 02:35:00+00:00,0,0,0.0,[]
2020-11-11 02:40:00+00:00,0,0,0.0,[]
2020-11-11 02:45:00+00:00,0,0,0.0,[]
2020-11-11 02:50:00+00:00,0,0,0.0,[]
2020-11-11 02:55:00+00:00,0,0,0.0,[]
2020-11-11 03:00:00+00:00,0,0,0.0,[]
2020-11-11 03:05:00+00:00,0,0,0.0,[]
2020-11-11 03:10:00+00:00,0,0,0.0,[]
2020-11-11 03:15:00+00:00,0,0,0.0,[]
2020-11-11 03:20:00+00:00,0,0,0.0,[]
2020-11-11 03:25:00+00:00,0,0,0.0,[]
2020-11-11 03:30:00+00:00,0,0,0.0,[]
2020-11-11 03:35:00+00:00,0,0,0.0,[]
2020-11-11 03:40:00+00:00,0,0,0.0,[]
2020-11-11 03:45:00+00:00,0,0,0.0,[]
2020-11-11 03:50:00+00:00,0,0,0.0,[]
2020-11-11 03:55:00+00:00,0,0,0.0,[]
2020-11-11 04:00:00+00:00,0,0,0.0,[]
2020-11-11 04:05:00+00:00,0,0,0.0,[]
2020-11-11 04:10:00+00:00,0,0,0.0,[]
2020-11-11 04:15:00+00:00,0,0,0.0,[]
2020-11-11 04:20:00+00:00,0,0,0.0,[]
2020-11-11 04:25:00+00:00,0,0,0.0,[]
2020-11-11 04:30:00+00:00,0,0,0.0,[]
2020-11-11 04:35:00+00:00,0,0,0.0,[]
2020-11-11 04:40:00+00:00,0,0,0.0,[]
2020-11-11 04:45:00+00:00,0,0,0.0,[]
2020-11-11 04:50:00+00:00,0,0,0.0,[]
2020-11-11 04:55:00+00:00,0,0,0.0,[]
2020-11-11 05:00:00+00:00,0,0,0.0,[]
2020-11-11 05:05:00+00:00,0,0,0.0,[]
2020-11-11 05:10:00+00:00,0,0,0.0,[]
2020-11-11 05:15:00+00:00,0,0,0.0,[]
2020-11-11 05:20:00+00:00,0,0,0.0,[]
2020-11-11 05:25:00+00:00,0,0,0.0,[]
2020-11-11 05:30:00+00:00,0,0,0.0,[]
2020-11-11 05:35:00+00:00,0,0,0.0,[]
2020-11-11 05:40:00+00:00,0,0,0.0,[]
2020-11-11 05:45:00+00:00,0,0,0.0,[]
2020-11-11 05:50:00+00:00,0,0,0.0,[]
2020-11-11 05:55:00+00:00,0,0,0.0,[]
2020-11-11 06:00:00+00:00,0,0,0.0,[]
2020-11-11 06:05:00+00:00,0,0,0.0,[]
2020-11-11 06:10:00+00:00,0,0,0.0,[]
2020-11-11 06:15:00+00:00,0,0,0.0,[]
2020-11-11 06:20:00+00:00,0,0,0.0,[]
2020-11-11 06:25:00+00:00,0,0,0.0,[]
2020-11-11 06:30:00+00:00,0,0,0.0,[]
2020-11-11 06:35:00+00:00,0,0,0.0,[]
2020-11-11 06:40:00+00:00,0,0,0.0,[]
2020-11-11 06:45:00+00:00,0,0,0.0,[]
2020-11-11 06:50:00+00:00,0,0,0.0,[]
2020-11-11 06:55:00+00:00,0,0,0.0,[]
2020-11-11 07:00:00+00:00,0,0,0.0,[]
2020-11-11 07:05:00+00:00,0,0,0.0,[]
2020-11-11 07:10:00+00:00,0,0,0.0,[]
2020-11-11 07:15:00+00:00,0,0,0.0,[]
2020-11-11 07:20:00+00:00,0,0,0.0,[]
2020-11-11 07:25:00+00:00,0,0,0.0,[]
2020-11-11 07:30:00+00:00,0,0,0.0,[]
2020-11-11 07:35:00+00:00,0,0,0.0,[]
2020-11-11 07:40:00+00:00,0,0,0.0,[]
2020-11-11 07:45:00+00:00,0,0,0.0,[]
2020-11-11 07:50:00+00:00,0,0,0.0,[]
2020-11-11 07:55:00+00:00,0,0,0.0,[]
2020-11-11 08:00:00+00:00,0,0,0.0,[]
2020-11-11 08:05:00+00:00,0,0,0.0,[]
2020-11-11 08:10:00+00:00,0,0,0.0,[]
2020-11-11 08:15:00+00:00,0,0,0.0,[]
2020-11-11 08:20:00+00:00,0,0,0.0,[]
2020-11-11 08:25:00+00:00,0,0,0.0,[]
2020-11-11 08:30:00+00:00,0,0,0.0,[]
2020-11-11 08:35:00+00:00,0,0,0.0,[]
2020-11-11 08:40:00+00:00,0,0,0.0,[]
2020-11-11 08:45:00+00:00,0,0,0.0,[]
2020-11-11 08:50:00+00:00,0,0,0.0,[]
2020-11-11 08:55:00+00:00,0,0,0.0,[]
2020-11-11 09:00:00+00:00,0,0,0.0,[]
2020-11-11 09:05:00+00:00,0,0,0.0,[]
2020-11-11 09:10:00+00:00,0,0,0.0,[]
2020-11-11 09:15:00+00:00,0,0,0.0,[]
2020-11-11 09:20:00+00:00,0,0,0.0,[]
2020-11-11 09:25:00+00:00,0,0,0.0,[]
2020-11-11 09:30:00+00:00,0,0,0.0,[]
2020-11-11 09:35:00+00:00,0,0,0.0,[]
2020-11-11 09:40:00+00:00,0,0,0.0,[]
2020-11-11 09:45:00+00:00,0,0,0.0,[]
2020-11-11 09:50:00+00:00,0,0,0.0,[]
2020-11-11 09:55:00+00:00,0,0,0.0,[]
2020-11-11 10:00:00+00:00,0,0,0.0,[]
2020-11-11 10:05:00+00:00,0,0,0.0,[]
2020-11-11 10:10:00+00:00,0,0,0.0,[]
2020-11-11 10:15:00+00:00,0,0,0.0,[]
2020-11-11 10:20:00+00:00,0,0,0.0,[]
2020-11-11 10:25:00+00:00,0,0,0.0,[]
2020-11-11 10:30:00+00:00,0,0,0.0,[]
2020-11-11 10:35:00+00:00,0,0,0.0,[]
2020-11-11 10:40:00+00:00,0,0,0.0,[]
2020-11-11 10:45:00+00:00,0,0,0.0,[]
2020-11-11 10:50:00+00:00,0,0,0.0,[]
2020-11-11 10:55:00+00:00,0,0,0.0,[]
2020-11-11 11:00:00+00:00,0,0,0.0,[]
2020-11-11 11:05:00+00:00,0,0,0.0,[]
2020-11-11 11:10:00+00:00,0,0,0.0,[]
2020-11-11 11:15:00+00:00,0,0,0.0,[]
2020-11-11 11:20:00+00:00,0,0,0.0,[]
2020-11-11 11:25:00+00:00,0,0,0.0,[]
2020-11-11 11:30:00+00:00,0,0,0.0,[]
2020-11-11 11:35:00+00:00,0,0,0.0,[]
2020-11-11 11:40:00+00:00,0,0,0.0,[]
2020-11-11 11:45:00+00:00,0,0,0.0,[]
2020-11-11 11:50:00+00:00,0,0,0.0,[]
2020-11-11 11:55:00+00:00,0,0,0.0,[]
2020-11-11 12:00:00+00:00,0,0,0.0,[]
2020-11-11 12:05:00+00:00,0,0,0.0,[]
2020-11-11 12:10:00+00:00,0,0,0.0,[]
2020-11-11 12:15:00+00:00,0,0,0.0,[]
2020-11-11 12:20:00+00:00,0,0,0.0,[]
2020-11-11 12:25:00+00:00,0,0,0.0,[]
2020-11-11 12:30:00+00:00,0,0,0.0,[]
2020-11-11 12:35:00+00:00,0,0,0.0,[]
2020-11-11 12:40:00+00:00,0,0,0.0,[]
2020-11-11 12:45:00+00:00,0,0,0.0,[]
2020-11-11 12:50:00+00:00,0,0,0.0,[]
2020-11-11 12:55:00+00:00,0,0,0.0,[]
2020-11-11 13:00:00+00:00,0,0,0.0,[]
2020-11-11 13:05:00+00:00,0,0,0.0,[]
2020-11-11 13:10:00+00:00,0,0,0.0,[]
2020-11-11 13:15:00+00:00,0,0,0.0,[]
2020-11-11 13:20:00+00:00,0,0,0.0,[]
2020-11-11 13:25:00+00:00,0,0,0.0,[]
2020-11-11 13:30:00+00:00,0,0,0.0,[]
2020-11-11 13:35:00+00:00,0,0,0.0,[]
2020-11-11 13:40:00+00:00,0,0,0.0,[]
2020-11-11 13:45:00+00:00,0,0,0.0,[]
2020-11-11 13:50:00+00:00,0,0,0.0,[]
2020-11-11 13:55:00+00:00,0,0,0.0,[]
2020-11-11 14:00:00+00:00,0,0,0.0,[]
2020-11-11 14:05:00+00:00,0,0,0.0,[]
2020-11-11 14:10:00+00:00,0,0,0.0,[]
2020-11-11 14:15:00+00:00,0,0,0.0,[]
2020-11-11 14:20:00+00:00,0,0,0.0,[]
2020-11-11 14:25:00+00:00,0,0,0.0,[]
2020-11-11 14:30:00+00:00,0,0,0.0,[]
2020-11-11 14:35:00+00:00,0,0,0.0,[]
2020-11-11 14:40:00+00:00,0,0,0.0,[]
2020-11-11 14:45:00+00:00,0,0,0.0,[]
2020-11-11 14:50:00+00:00,0,0,0.0,[]
2020-11-11 14:55:00+00:00,0,0,0.0,[]
2020-11-11 15:00:00+00:00,0,0,0.0,[]
2020-11-11 15:05:00+00:00,0,0,0.0,[]
2020-11-11 15:10:00+00:00,0,0,0.0,[]
2020-11-11 15:15:00+00:00,0,0,0.0,[]
2020-11-11 15:20:00+00:00,0,0,0.0,[]
2020-11-11 15:25:00+00:00,0,0,0.0,[]
2020-11-11 15:30:00+00:00,0,0,0.0,[]
2020-11-11 15:35:00+00:00,0,0,0.0,[]
2020-11-11 15:40:00+00:00,0,0,0.0,[]
2020-11-11 15:45:00+00:00,0,0,0.0,[]
2020-11-11 15:50:00+00:00,0,0,0.0,[]
2020-11-11 15:55:00+00:00,0,0,0.0,[]
2020-11-11 16:00:00+00:00,0,0,0.0,[]
2020-11-11 16:05:00+00:00,0,0,0.0,[]
2020-11-11 16:10:00+00:00,0,0,0.0,[]
2020-11-11 16:15:00+00:00,0,0,0.0,[]
2020-11-11 16:20:00+00:00,0,0,0.0,[]
2020-11-11 16:25:00+00:00,0,0,0.0,[]
2020-11-11 16:30:00+00:00,0,0,0.0,[]
2020-11-11 16:35:00+00:00,0,0,0.0,[]
2020-11-11 16:40:00+00:00,0,0,0.0,[]
2020-11-11 16:45:00+00:00,0,0,0.0,[]
2020-11-11 16:50:00+00:00,0,0,0.0,[]
2020-11-11 16:55:00+00:00,0,0,0.0,[]
2020-11-11 17:00:00+00:00,0,0,0.0,[]
2020-11-11 17:05:00+00:00,0,0,0.0,[]
2020-11-11 17:10:00+00:00,0,0,0.0,[]
2020-11-11 17:15:00+00:00,0,0,0.0,[]
2020-11-11 17:20:00+00:00,0,0,0.0,[]
2020-11-11 17:25:00+00:00,0,0,0.0,[]
2020-11-11 17:30:00+00:00,0,0,0.0,[]
2020-11-11 17:35:00+00:00,0,0,0.0,[]
2020-11-11 17:40:00+00:00,0,0,0.0,[]
2020-11-11 17:45:00+00:00,0,0,0.0,[]
2020-11-11 17:50:00+00:00,0,0,0.0,[]
2020-11-11 17:55:00+00:00,0,0,0.0,[]
2020-11-11 18:00:00+00:00,0,0,0.0,[]
2020-11-11 18:05:00+00:00,0,0,0.0,[]
2020-11-11 18:10:00+00:00,0,0,0.0,[]
2020-11-11 18:15:00+00:00,0,0,0.0,[]
2020-11-11 18:20:00+00:00,0,0,0.0,[]
2020-11-11 18:25:00+00:00,0,0,0.0,[]
2020-11-11 18:30:00+00:00,0,0,0.0,[]
2020-11-11 18:35:00+00:00,0,0,0.0,[]
2020-11-11 18:40:00+00:00,0,0,0.0,[]
2020-11-11 18:45:00+00:00,0,0,0.0,[]
2020-11-11 18:50:00+00:00,0,0,0.0,[]
2020-11-11 18:55:00+00:00,0,0,0.0,[]
2020-11-11 19:00:00+00:00,0,0,0.0,[]
2020-11-11 19:05:00+00:00,0,0,0.0,[]
2020-11-11 19:10:00+00:00,0,0,0.0,[]
2020-11-11 19:15:00+00:00,0,0,0.0,[]
2020-11-11 19:20:00+00:00,0,0,0.0,[]
2020-11-11 19:25:00+00:00,0,0,0.0,[]
2020-11-11 19:30:00+00:00,0,0,0.0,[]
2020-11-11 19:35:00+00:00,0,0,0.0,[]
2020-11-11 19:40:00+00:00,0,0,0.0,[]
2020-11-11 19:45:00+00:00,0,0,0.0,[]
2020-11-11 19:50:00+00:00,0,0,0.0,[]
2020-11-11 19:55:00+00:00,0,0,0.0,[]
2020-11-11 20:00:00+00:00,0,0,0.0,[]
2020-11-11 20:05:00+00:00,0,0,0.0,[]
2020-11-11 20:10:00+00:00,0,0,0.0,[]
2020-11-11 20:15:00+00:00,0,0,0.0,[]
2020-11-11 20:20:00+00:00,0,0,0.0,[]
2020-11-11 20:25:00+00:00,0,0,0.0,[]
2020-11-11 20:30:00+00:00,0,0,0.0,[]
2020-11-11 20:35:00+00:00,0,0,0.0,[]
2020-11-11 20:40:00+00:00,0,0,0.0,[]
2020-11-11 20:45:00+00:00,0,0,0.0,[]
2020-11-11 20:50:00+00:00,0,0,0.0,[]
2020-11-11 20:55:00+00:00,0,0,0.0,[]
2020-11-11 21:00:00+00:00,0,0,0.0,[]
2020-11-11 21:05:00+00:00,0,0,0.0,[]
2020-11-11 21:10:00+00:00,0,0,0.0,[]
2020-11-11 21:15:00+00:00,0,0,0.0,[]
2020-11-11 21:20:00+00:00,0,0,0.0,[]
2020-11-11 21:25:00+00:00,0,0,0.0,[]
2020-11-11 21:30:00+00:00,0,0,0.0,[]
2020-11-11 21:35:00+00:00,0,0,0.0,[]
2020-11-11 21:40:00+00:00,0,0,0.0,[]
2020-11-11 21:45:00+00:00,0,0,0.0,[]
2020-11-11 21:50:00+00:00,0,0,0.0,[]
2020-11-11 21:55:00+00:00,0,0,0.0,[]
2020-11-11 22:00:00+00:00,0,0,0.0,[]
2020-11-11 22:05:00+00:00,0,0,0.0,[]
2020-11-11 22:10:00+00:00,0,0,0.0,[]
2020-11-11 22:15:00+00:00,0,0,0.0,[]
2020-11-11 22:20:00+00:00,0,0,0.0,[]
2020-11-11 22:25:00+00:00,0,0,0.0,[]
2020-11-11 22:30:00+00:00,0,0,0.0,[]
2020-11-11 22:35:00+00:00,0,0,0.0,[]
2020-11-11 22:40:00+00:00,0,0,0.0,[]
2020-11-11 22:45:00+00:00,0,0,0.0,[]
2020-11-11 22:50:00+00:00,0,0,0.0,[]
2020-11-11 22:55:00+00:00,0,0,0.0,[]
2020-11-11 23:00:00+00:00,0,0,0.0,[]
2020-11-11 23:05:00+00:00,0,0,0.0,[]
2020-11-11 23:10:00+00:00,0,0,0.0,[]
2020-11-11 23:15:00+00:00,0,0,0.0,[]
2020-11-11 23:20:00+00:00,0,0,0.0,[]
2020-11-11 23:25:00+00:00,0,0,0.0,[]
2020-11-11 23:30:00+00:00,0,0,0.0,[]
2020-11-11 23:35:00+00:00,0,0,0.0,[]
2020-11-11 23:40:00+00:00,0,0,0.0,[]
2020-11-11 23:45:00+00:00,0,0,0.0,[]
2020-11-11 23:50:00+00:00,0,0,0.0,[]
2020-11-11 23:55:00+00:00,0,0,0.0,[]
2020-11-12 00:00:00+00:00,0,0,0.0,[]
2020-11-12 00:05:00+00:00,0,0,0.0,[]
2020-11-12 00:10:00+00:00,0,0,0.0,[]
2020-11-12 00:15:00+00:00,0,0,0.0,[]
2020-11-12 00:20:00+00:00,0,0,0.0,[]
2020-11-12 00:25:00+00:00,0,0,0.0,[]
2020-11-12 00:30:00+00:00,0,0,0.0,[]
2020-11-12 00:35:00+00:00,0,0,0.0,[]
2020-11-12 00:40:00+00:00,0,0,0.0,[]
2020-11-12 00:45:00+00:00,0,0,0.0,[]
2020-11-12 00:50:00+00:00,0,0,0.0,[]
2020-11-12 00:55:00+00:00,0,0,0.0,[]
2020-11-12 01:00:00+00:00,0,0,0.0,[]
2020-11-12 01:05:00+00:00,0,0,0.0,[]
2020-11-12 01:10:00+00:00,0,0,0.0,[]
2020-11-12 01:15:00+00:00,0,0,0.0,[]
2020-11-12 01:20:00+00:00,0,0,0.0,[]
2020-11-12 01:25:00+00:00,0,0,0.0,[]
2020-11-12 01:30:00+00:00,0,0,0.0,[]
2020-11-12 01:35:00+00:00,0,0,0.0,[]
2020-11-12 01:40:00+00:00,0,0,0.0,[]
2020-11-12 01:45:00+00:00,0,0,0.0,[]
2020-11-12 01:50:00+00:00,0,0,0.0,[]
2020-11-12 01:55:00+00:00,0,0,0.0,[]
2020-11-12 02:00:00+00:00,0,0,0.0,[]
2020-11-12 02:05:00+00:00,0,0,0.0,[]
2020-11-12 02:10:00+00:00,0,0,0.0,[]
2020-11-12 02:15:00+00:00,0,0,0.0,[]
2020-11-12 02:20:00+00:00,0,0,0.0,[]
2020-11-12 02:25:00+00:00,0,0,0.0,[]
2020-11-12 02:30:00+00:00,0,0,0.0,[]
2020-11-12 02:35:00+00:00,0,0,0.0,[]
2020-11-12 02:40:00+00:00,0,0,0.0,[]
2020-11-12 02:45:00+00:00,0,0,0.0,[]
2020-11-12 02:50:00+00:00,0,0,0.0,[]
2020-11-12 02:55:00+00:00,0,0,0.0,[]
2020-11-12 03:00:00+00:00,0,0,0.0,[]
2020-11-12 03:05:00+00:00,0,0,0.0,[]
2020-11-12 03:10:00+00:00,0,0,0.0,[]
2020-11-12 03:15:00+00:00,0,0,0.0,[]
2020-11-12 03:20:00+00:00,0,0,0.0,[]
2020-11-12 03:25:00+00:00,0,0,0.0,[]
2020-11-12 03:30:00+00:00,0,0,0.0,[]
2020-11-12 03:35:00+00:00,0,0,0.0,[]
2020-11-12 03:40:00+00:00,0,0,0.0,[]
2020-11-12 03:45:00+00:00,0,0,0.0,[]
2020-11-12 03:50:00+00:00,0,0,0.0,[]
2020-11-12 03:55:00+00:00,0,0,0.0,[]
2020-11-12 04:00:00+00:00,0,0,0.0,[]
2020-11-12 04:05:00+00:00,0,0,0.0,[]
2020-11-12 04:10:00+00:00,0,0,0.0,[]
2020-11-12 04:15:00+00:00,0,0,0.0,[]
2020-11-12 04:20:00+00:00,0,0,0.0,[]
2020-11-12 04:25:00+00:00,0,0,0.0,[]
2020-11-12 04:30:00+00:00,0,0,0.0,[]
2020-11-12 04:35:00+00:00,0,0,0.0,[]
2020-11-12 04:40:00+00:00,0,0,0.0,[]
2020-11-12 04:45:00+00:00,0,0,0.0,[]
2020-11-12 04:50:00+00:00,0,0,0.0,[]
2020-11-12 04:55:00+00:00,0,0,0.0,[]
2020-11-12 05:00:00+00:00,0,0,0.0,[]
2020-11-12 05:05:00+00:00,0,0,0.0,[]
2020-11-12 05:10:00+00:00,0,0,0.0,[]
2020-11-12 05:15:00+00:00,0,0,0.0,[]
2020-11-12 05:20:00+00:00,0,0,0.0,[]
2020-11-12 05:25:00+00:00,0,0,0.0,[]
2020-11-12 05:30:00+00:00,0,0,0.0,[]
2020-11-12 05:35:00+00:00,0,0,0.0,[]
2020-11-12 05:40:00+00:00,0,0,0.0,[]
2020-11-12 05:45:00+00:00,0,0,0.0,[]
2020-11-12 05:50:00+00:00,0,0,0.0,[]
2020-11-12 05:55:00+00:00,0,0,0.0,[]
2020-11-12 06:00:00+00:00,0,0,0.0,[]
2020-11-12 06:05:00+00:00,0,0,0.0,[]
2020-11-12 06:10:00+00:00,0,0,0.0,[]
2020-11-12 06:15:00+00:00,0,0,0.0,[]
2020-11-12 06:20:00+00:00,0,0,0.0,[]
2020-11-12 06:25:00+00:00,0,0,0.0,[]
2020-11-12 06:30:00+00:00,0,0,0.0,[]
2020-11-12 06:35:00+00:00,0,0,0.0,[]
2020-11-12 06:40:00+00:00,0,0,0.0,[]
2020-11-12 06:45:00+00:00,0,0,0.0,[]
2020-11-12 06:50:00+00:00,0,0,0.0,[]
2020-11-12 06:55:00+00:00,0,0,0.0,[]
2020-11-12 07:00:00+00:00,0,0,0.0,[]
2020-11-12 07:05:00+00:00,0,0,0.0,[]
2020-11-12 07:10:00+00:00,0,0,0.0,[]
2020-11-12 07:15:00+00:00,0,0,0.0,[]
2020-11-12 07:20:00+00:00,0,0,0.0,[]
2020-11-12 07:25:00+00:00,0,0,0.0,[]
2020-11-12 07:30:00+00:00,0,0,0.0,[]
2020-11-12 07:35:00+00:00,0,0,0.0,[]
2020-11-12 07:40:00+00:00,0,0,0.0,[]
2020-11-12 07:45:00+00:00,0,0,0.0,[]
2020-11-12 07:50:00+00:00,0,0,0.0,[]
2020-11-12 07:55:00+00:00,0,0,0.0,[]
2020-11-12 08:00:00+00:00,0,0,0.0,[]
2020-11-12 08:05:00+00:00,0,0,0.0,[]
2020-11-12 08:10:00+00:00,0,0,0.0,[]
2020-11-12 08:15:00+00:00,0,0,0.0,[]
2020-11-12 08:20:00+00:00,0,0,0.0,[]
2020-11-12 08:25:00+00:00,0,0,0.0,[]
2020-11-12 08:30:00+00:00,0,0,0.0,[]
2020-11-12 08:35:00+00:00,0,0,0.0,[]
2020-11-12 08:40:00+00:00,0,0,0.0,[]
2020-11-12 08:45:00+00:00,0,0,0.0,[]
2020-11-12 08:50:00+00:00,0,0,0.0,[]
2020-11-12 08:55:00+00:00,0,0,0.0,[]
2020-11-12 09:00:00+00:00,0,0,0.0,[]
2020-11-12 09:05:00+00:00,0,0,0.0,[]
2020-11-12 09:10:00+00:00,0,0,0.0,[]
2020-11-12 09:15:00+00:00,0,0,0.0,[]
2020-11-12 09:20:00+00:00,0,0,0.0,[]
2020-11-12 09:25:00+00:00,0,0,0.0,[]
2020-11-12 09:30:00+00:00,0,0,0.0,[]
2020-11-12 09:35:00+00:00,0,0,0.0,[]
2020-11-12 09:40:00+00:00,0,0,0.0,[]
2020-11-12 09:45:00+00:00,0,0,0.0,[]
2020-11-12 09:50:00+00:00,0,0,0.0,[]
2020-11-12 09:55:00+00:00,0,0,0.0,[]
2020-11-12 10:00:00+00:00,0,0,0.0,[]
2020-11-12 10:05:00+00:00,0,0,0.0,[]
2020-11-12 10:10:00+00:00,0,0,0.0,[]
2020-11-12 10:15:00+00:00,0,0,0.0,[]
2020-11-12 10:20:00+00:00,0,0,0.0,[]
2020-11-12 10:25:00+00:00,0,0,0.0,[]
2020-11-12 10:30:00+00:00,0,0,0.0,[]
2020-11-12 10:35:00+00:00,0,0,0.0,[]
2020-11-12 10:40:00+00:00,0,0,0.0,[]
2020-11-12 10:45:00+00:00,0,0,0.0,[]
2020-11-12 10:50:00+00:00,0,0,0.0,[]
2020-11-12 10:55:00+00:00,0,0,0.0,[]
2020-11-12 11:00:00+00:00,0,0,0.0,[]
2020-11-12 11:05:00+00:00,0,0,0.0,[]
2020-11-12 11:10:00+00:00,0,0,0.0,[]
2020-11-12 11:15:00+00:00,0,0,0.0,[]
2020-11-12 11:20:00+00:00,0,0,0.0,[]
2020-11-12 11:25:00+00:00,0,0,0.0,[]
2020-11-12 11:30:00+00:00,0,0,0.0,[]
2020-11-12 11:35:00+00:00,0,0,0.0,[]
2020-11-12 11:40:00+00:00,0,0,0.0,[]
2020-11-12 11:45:00+00:00,0,0,0.0,[]
2020-11-12 11:50:00+00:00,0,0,0.0,[]
2020-11-12 11:55:00+00:00,0,0,0.0,[]
2020-11-12 12:00:00+00:00,0,0,0.0,[]
2020-11-12 12:05:00+00:00,0,0,0.0,[]
2020-11-12 12:10:00+00:00,0,0,0.0,[]
2020-11-12 12:15:00+00:00,0,0,0.0,[]
2020-11-12 12:20:00+00:00,0,0,0.0,[]
2020-11-12 12:25:00+00:00,0,0,0.0,[]
2020-11-12 12:30:00+00:00,0,0,0.0,[]
2020-11-12 12:35:00+00:00,0,0,0.0,[]
2020-11-12 12:40:00+00:00,0,0,0.0,[]
2020-11-12 12:45:00+00:00,0,0,0.0,[]
2020-11-12 12:50:00+00:00,0,0,0.0,[]
2020-11-12 12:55:00+00:00,0,0,0.0,[]
2020-11-12 13:00:00+00:00,0,0,0.0,[]
2020-11-12 13:05:00+00:00,0,0,0.0,[]
2020-11-12 13:10:00+00:00,0,0,0.0,[]
2020-11-12 13:15:00+00:00,0,0,0.0,[]
2020-11-12 13:20:00+00:00,0,0,0.0,[]
2020-11-12 13:25:00+00:00,0,0,0.0,[]
2020-11-12 13:30:00+00:00,0,0,0.0,[]
2020-11-12 13:35:00+00:00,0,0,0.0,[]
2020-11-12 13:40:00+00:00,0,0,0.0,[]
2020-11-12 13:45:00+00:00,0,0,0.0,[]
2020-11-12 13:50:00+00:00,0,0,0.0,[]
2020-11-12 13:55:00+00:00,0,0,0.0,[]
2020-11-12 14:00:00+00:00,0,0,0.0,[]
2020-11-12 14:05:00+00:00,0,0,0.0,[]
2020-11-12 14:10:00+00:00,0,0,0.0,[]
2020-11-12 14:15:00+00:00,0,0,0.0,[]
2020-11-12 14:20:00+00:00,0,0,0.0,[]
2020-11-12 14:25:00+00:00,0,0,0.0,[]
2020-11-12 14:30:00+00:00,0,0,0.0,[]
2020-11-12 14:35:00+00:00,0,0,0.0,[]
2020-11-12 14:40:00+00:00,0,0,0.0,[]
2020-11-12 14:45:00+00:00,0,0,0.0,[]
2020-11-12 14:50:00+00:00,0,0,0.0,[]
2020-11-12 14:55:00+00:00,0,0,0.0,[]
2020-11-12 15:00:00+00:00,0,0,0.0,[]
2020-11-12 15:05:00+00:00,0,0,0.0,[]
2020-11-12 15:10:00+00:00,0,0,0.0,[]
2020-11-12 15:15:00+00:00,0,0,0.0,[]
2020-11-12 15:20:00+00:00,0,0,0.0,[]
2020-11-12 15:25:00+00:00,0,0,0.0,[]
2020-11-12 15:30:00+00:00,0,0,0.0,[]
2020-11-12 15:35:00+00:00,0,0,0.0,[]
2020-11-12 15:40:00+00:00,0,0,0.0,[]
2020-11-12 15:45:00+00:00,0,0,0.0,[]
2020-11-12 15:50:00+00:00,0,0,0.0,[]
2020-11-12 15:55:00+00:00,0,0,0.0,[]
2020-11-12 16:00:00+00:00,0,0,0.0,[]
2020-11-12 16:05:00+00:00,0,0,0.0,[]
2020-11-12 16:10:00+00:00,0,0,0.0,[]
2020-11-12 16:15:00+00:00,0,0,0.0,[]
2020-11-12 16:20:00+00:00,0,0,0.0,[]
2020-11-12 16:25:00+00:00,0,0,0.0,[]
2020-11-12 16:30:00+00:00,0,0,0.0,[]
2020-11-12 16:35:00+00:00,0,0,0.0,[]
2020-11-12 16:40:00+00:00,0,0,0.0,[]
2020-11-12 16:45:00+00:00,0,0,0.0,[]
2020-11-12 16:50:00+00:00,0,0,0.0,[]
2020-11-12 16:55:00+00:00,0,0,0.0,[]
2020-11-12 17:00:00+00:00,0,0,0.0,[]
2020-11-12 17:05:00+00:00,0,0,0.0,[]
2020-11-12 17:10:00+00:00,0,0,0.0,[]
2020-11-12 17:15:00+00:00,0,0,0.0,[]
2020-11-12 17:20:00+00:00,0,0,0.0,[]
2020-11-12 17:25:00+00:00,0,0,0.0,[]
2020-11-12 17:30:00+00:00,0,0,0.0,[]
2020-11-12 17:35:00+00:00,0,0,0.0,[]
2020-11-12 17:40:00+00:00,0,0,0.0,[]
2020-11-12 17:45:00+00:00,0,0,0.0,[]
2020-11-12 17:50:00+00:00,0,0,0.0,[]
2020-11-12 17:55:00+00:00,0,0,0.0,[]
2020-11-12 18:00:00+00:00,0,0,0.0,[]
2020-11-12 18:05:00+00:00,0,0,0.0,[]
2020-11-12 18:10:00+00:00,0,0,0.0,[]
2020-11-12 18:15:00+00:00,0,0,0.0,[]
2020-11-12 18:20:00+00:00,0,0,0.0,[]
2020-11-12 18:25:00+00:00,0,0,0.0,[]
2020-11-12 18:30:00+00:00,0,0,0.0,[]
2020-11-12 18:35:00+00:00,0,0,0.0,[]
2020-11-12 18:40:00+00:00,0,0,0.0,[]
2020-11-12 18:45:00+00:00,0,0,0.0,[]
2020-11-12 18:50:00+00:00,0,0,0.0,[]
2020-11-12 18:55:00+00:00,0,0,0.0,[]
2020-11-12 19:00:00+00:00,0,0,0.0,[]
2020-11-12 19:05:00+00:00,0,0,0.0,[]
2020-11-12 19:10:00+00:00,0,0,0.0,[]
2020-11-12 19:15:00+00:00,0,0,0.0,[]
2020-11-12 19:20:00+00:00,0,0,0.0,[]
2020-11-12 19:25:00+00:00,0,0,0.0,[]
2020-11-12 19:30:00+00:00,0,0,0.0,[]
2020-11-12 19:35:00+00:00,0,0,0.0,[]
2020-11-12 19:40:00+00:00,0,0,0.0,[]
2020-11-12 19:45:00+00:00,0,0,0.0,[]
2020-11-12 19:50:00+00:00,0,0,0.0,[]
2020-11-12 19:55:00+00:00,0,0,0.0,[]
2020-11-12 20:00:00+00:00,0,0,0.0,[]
2020-11-12 20:05:00+00:00,0,0,0.0,[]
2020-11-12 20:10:00+00:00,0,0,0.0,[]
2020-11-12 20:15:00+00:00,0,0,0.0,[]
2020-11-12 20:20:00+00:00,0,0,0.0,[]
2020-11-12 20:25:00+00:00,0,0,0.0,[]
2020-11-12 20:30:00+00:00,0,0,0.0,[]
2020-11-12 20:35:00+00:00,0,0,0.0,[]
2020-11-12 20:40:00+00:00,0,0,0.0,[]
2020-11-12 20:45:00+00:00,0,0,0.0,[]
2020-11-12 20:50:00+00:00,0,0,0.0,[]
2020-11-12 20:55:00+00:00,0,0,0.0,[]
2020-11-12 21:00:00+00:00,0,0,0.0,[]
2020-11-12 21:05:00+00:00,0,0,0.0,[]
2020-11-12 21:10:00+00:00,0,0,0.0,[]
2020-11-12 21:15:00+00:00,0,0,0.0,[]
2020-11-12 21:20:00+00:00,0,0,0.0,[]
2020-11-12 21:25:00+00:00,0,0,0.0,[]
2020-11-12 21:30:00+00:00,0,0,0.0,[]
2020-11-12 21:35:00+00:00,0,0,0.0,[]
2020-11-12 21:40:00+00:00,0,0,0.0,[]
2020-11-12 21:45:00+00:00,0,0,0.0,[]
2020-11-12 21:50:00+00:00,0,0,0.0,[]
2020-11-12 21:55:00+00:00,0,0,0.0,[]
2020-11-12 22:00:00+00:00,0,0,0.0,[]
2020-11-12 22:05:00+00:00,0,0,0.0,[]
2020-11-12 22:10:00+00:00,0,0,0.0,[]
2020-11-12 22:15:00+00:00,0,0,0.0,[]
2020-11-12 22:20:00+00:00,0,0,0.0,[]
2020-11-12 22:25:00+00:00,0,0,0.0,[]
2020-11-12 22:30:00+00:00,0,0,0.0,[]
2020-11-12 22:35:00+00:00,0,0,0.0,[]
2020-11-12 22:40:00+00:00,0,0,0.0,[]
2020-11-12 22:45:00+00:00,0,0,0.0,[]
2020-11-12 22:50:00+00:00,0,0,0.0,[]
2020-11-12 22:55:00+00:00,0,0,0.0,[]
2020-11-12 23:00:00+00:00,0,0,0.0,[]
2020-11-12 23:05:00+00:00,0,0,0.0,[]
2020-11-12 23:10:00+00:00,0,0,0.0,[]
2020-11-12 23:15:00+00:00,0,0,0.0,[]
2020-11-12 23:20:00+00:00,0,0,0.0,[]
2020-11-12 23:25:00+00:00,0,0,0.0,[]
2020-11-12 23:30:00+00:00,0,0,0.0,[]
2020-11-12 23:35:00+00:00,0,0,0.0,[]
2020-11-12 23:40:00+00:00,0,0,0.0,[]
2020-11-12 23:45:00+00:00,0,0,0.0,[]
2020-11-12 23:50:00+00:00,0,0,0.0,[]
2020-11-12 23:55:00+00:00,0,0,0.0,[]
2020-11-13 00:00:00+00:00,0,0,0.0,[]
2020-11-13 00:05:00+00:00,0,0,0.0,[]
2020-11-13 00:10:00+00:00,0,0,0.0,[]
2020-11-13 00:15:00+00:00,0,0,0.0,[]
2020-11-13 00:20:00+00:00,0,0,0.0,[]
2020-11-13 00:25:00+00:00,0,0,0.0,[]
2020-11-13 00:30:00+00:00,0,0,0.0,[]
2020-11-13 00:35:00+00:00,0,0,0.0,[]
2020-11-13 00:40:00+00:00,0,0,0.0,[]
2020-11-13 00:45:00+00:00,0,0,0.0,[]
2020-11-13 00:50:00+00:00,0,0,0.0,[]
2020-11-13 00:55:00+00:00,0,0,0.0,[]
2020-11-13 01:00:00+00:00,0,0,0.0,[]
2020-11-13 01:05:00+00:00,0,0,0.0,[]
2020-11-13 01:10:00+00:00,0,0,0.0,[]
2020-11-13 01:15:00+00:00,0,0,0.0,[]
2020-11-13 01:20:00+00:00,0,0,0.0,[]
2020-11-13 01:25:00+00:00,0,0,0.0,[]
2020-11-13 01:30:00+00:00,0,0,0.0,[]
2020-11-13 01:35:00+00:00,0,0,0.0,[]
2020-11-13 01:40:00+00:00,0,0,0.0,[]
2020-11-13 01:45:00+00:00,0,0,0.0,[]
2020-11-13 01:50:00+00:00,0,0,0.0,[]
2020-11-13 01:55:00+00:00,0,0,0.0,[]
2020-11-13 02:00:00+00:00,0,0,0.0,[]
2020-11-13 02:05:00+00:00,0,0,0.0,[]
2020-11-13 02:10:00+00:00,0,0,0.0,[]
2020-11-13 02:15:00+00:00,0,0,0.0,[]
2020-11-13 02:20:00+00:00,0,0,0.0,[]
2020-11-13 02:25:00+00:00,0,0,0.0,[]
2020-11-13 02:30:00+00:00,0,0,0.0,[]
2020-11-13 02:35:00+00:00,0,0,0.0,[]
2020-11-13 02:40:00+00:00,0,0,0.0,[]
2020-11-13 02:45:00+00:00,0,0,0.0,[]
2020-11-13 02:50:00+00:00,0,0,0.0,[]
2020-11-13 02:55:00+00:00,0,0,0.0,[]
2020-11-13 03:00:00+00:00,0,0,0.0,[]
2020-11-13 03:05:00+00:00,0,0,0.0,[]
2020-11-13 03:10:00+00:00,0,0,0.0,[]
2020-11-13 03:15:00+00:00,0,0,0.0,[]
2020-11-13 03:20:00+00:00,0,0,0.0,[]
2020-11-13 03:25:00+00:00,0,0,0.0,[]
2020-11-13 03:30:00+00:00,0,0,0.0,[]
2020-11-13 03:35:00+00:00,0,0,0.0,[]
2020-11-13 03:40:00+00:00,0,0,0.0,[]
2020-11-13 03:45:00+00:00,0,0,0.0,[]
2020-11-13 03:50:00+00:00,0,0,0.0,[]
2020-11-13 03:55:00+00:00,0,0,0.0,[]
2020-11-13 04:00:00+00:00,0,0,0.0,[]
2020-11-13 04:05:00+00:00,0,0,0.0,[]
2020-11-13 04:10:00+00:00,0,0,0.0,[]
2020-11-13 04:15:00+00:00,0,0,0.0,[]
2020-11-13 04:20:00+00:00,0,0,0.0,[]
2020-11-13 04:25:00+00:00,0,0,0.0,[]
2020-11-13 04:30:00+00:00,0,0,0.0,[]
2020-11-13 04:35:00+00:00,0,0,0.0,[]
2020-11-13 04:40:00+00:00,0,0,0.0,[]
2020-11-13 04:45:00+00:00,0,0,0.0,[]
2020-11-13 04:50:00+00:00,0,0,0.0,[]
2020-11-13 04:55:00+00:00,0,0,0.0,[]
2020-11-13 05:00:00+00:00,0,0,0.0,[]
2020-11-13 05:05:00+00:00,0,0,0.0,[]
2020-11-13 05:10:00+00:00,0,0,0.0,[]
2020-11-13 05:15:00+00:00,0,0,0.0,[]
2020-11-13 05:20:00+00:00,0,0,0.0,[]
2020-11-13 05:25:00+00:00,0,0,0.0,[]
2020-11-13 05:30:00+00:00,0,0,0.0,[]
2020-11-13 05:35:00+00:00,0,0,0.0,[]
2020-11-13 05:40:00+00:00,0,0,0.0,[]
2020-11-13 05:45:00+00:00,0,0,0.0,[]
2020-11-13 05:50:00+00:00,0,0,0.0,[]
2020-11-13 05:55:00+00:00,0,0,0.0,[]
2020-11-13 06:00:00+00:00,0,0,0.0,[]
2020-11-13 06:05:00+00:00,0,0,0.0,[]
2020-11-13 06:10:00+00:00,0,0,0.0,[]
2020-11-13 06:15:00+00:00,0,0,0.0,[]
2020-11-13 06:20:00+00:00,0,0,0.0,[]
2020-11-13 06:25:00+00:00,0,0,0.0,[]
2020-11-13 06:30:00+00:00,0,0,0.0,[]
2020-11-13 06:35:00+00:00,0,0,0.0,[]
2020-11-13 06:40:00+00:00,0,0,0.0,[]
2020-11-13 06:45:00+00:00,0,0,0.0,[]
2020-11-13 06:50:00+00:00,0,0,0.0,[]
2020-11-13 06:55:00+00:00,0,0,0.0,[]
2020-11-13 07:00:00+00:00,0,0,0.0,[]
2020-11-13 07:05:00+00:00,0,0,0.0,[]
2020-11-13 07:10:00+00:00,0,0,0.0,[]
2020-11-13 07:15:00+00:00,0,0,0.0,[]
2020-11-13 07:20:00+00:00,0,0,0.0,[]
2020-11-13 07:25:00+00:00,0,0,0.0,[]
2020-11-13 07:30:00+00:00,0,0,0.0,[]
2020-11-13 07:35:00+00:00,0,0,0.0,[]
2020-11-13 07:40:00+00:00,0,0,0.0,[]
2020-11-13 07:45:00+00:00,0,0,0.0,[]
2020-11-13 07:50:00+00:00,0,0,0.0,[]
2020-11-13 07:55:00+00:00,0,0,0.0,[]
2020-11-13 08:00:00+00:00,0,0,0.0,[]
2020-11-13 08:05:00+00:00,0,0,0.0,[]
2020-11-13 08:10:00+00:00,0,0,0.0,[]
2020-11-13 08:15:00+00:00,0,0,0.0,[]
2020-11-13 08:20:00+00:00,0,0,0.0,[]
2020-11-13 08:25:00+00:00,0,0,0.0,[]
2020-11-13 08:30:00+00:00,0,0,0.0,[]
2020-11-13 08:35:00+00:00,0,0,0.0,[]
2020-11-13 08:40:00+00:00,0,0,0.0,[]
2020-11-13 08:45:00+00:00,0,0,0.0,[]
2020-11-13 08:50:00+00:00,0,0,0.0,[]
2020-11-13 08:55:00+00:00,0,0,0.0,[]
2020-11-13 09:00:00+00:00,0,0,0.0,[]
2020-11-13 09:05:00+00:00,0,0,0.0,[]
2020-11-13 09:10:00+00:00,0,0,0.0,[]
2020-11-13 09:15:00+00:00,0,0,0.0,[]
2020-11-13 09:20:00+00:00,0,0,0.0,[]
2020-11-13 09:25:00+00:00,0,0,0.0,[]
2020-11-13 09:30:00+00:00,0,0,0.0,[]
2020-11-13 09:35:00+00:00,0,0,0.0,[]
2020-11-13 09:40:00+00:00,0,0,0.0,[]
2020-11-13 09:45:00+00:00,0,0,0.0,[]
2020-11-13 09:50:00+00:00,0,0,0.0,[]
2020-11-13 09:55:00+00:00,0,0,0.0,[]
2020-11-13 10:00:00+00:00,0,0,0.0,[]
2020-11-13 10:05:00+00:00,0,0,0.0,[]
2020-11-13 10:10:00+00:00,0,0,0.0,[]
2020-11-13 10:15:00+00:00,0,0,0.0,[]
2020-11-13 10:20:00+00:00,0,0,0.0,[]
2020-11-13 10:25:00+00:00,0,0,0.0,[]
2020-11-13 10:30:00+00:00,0,0,0.0,[]
2020-11-13 10:35:00+00:00,0,0,0.0,[]
2020-11-13 10:40:00+00:00,0,0,0.0,[]
2020-11-13 10:45:00+00:00,0,0,0.0,[]
2020-11-13 10:50:00+00:00,0,0,0.0,[]
2020-11-13 10:55:00+00:00,0,0,0.0,[]
2020-11-13 11:00:00+00:00,0,0,0.0,[]
2020-11-13 11:05:00+00:00,0,0,0.0,[]
2020-11-13 11:10:00+00:00,0,0,0.0,[]
2020-11-13 11:15:00+00:00,0,0,0.0,[]
2020-11-13 11:20:00+00:00,0,0,0.0,[]
2020-11-13 11:25:00+00:00,0,0,0.0,[]
2020-11-13 11:30:00+00:00,0,0,0.0,[]
2020-11-13 11:35:00+00:00,0,0,0.0,[]
2020-11-13 11:40:00+00:00,0,0,0.0,[]
2020-11-13 11:45:00+00:00,0,0,0.0,[]
2020-11-13 11:50:00+00:00,0,0,0.0,[]
2020-11-13 11:55:00+00:00,0,0,0.0,[]
2020-11-13 12:00:00+00:00,0,0,0.0,[]
2020-11-13 12:05:00+00:00,0,0,0.0,[]
2020-11-13 12:10:00+00:00,0,0,0.0,[]
2020-11-13 12:15:00+00:00,0,0,0.0,[]
2020-11-13 12:20:00+00:00,0,0,0.0,[]
2020-11-13 12:25:00+00:00,0,0,0.0,[]
2020-11-13 12:30:00+00:00,0,0,0.0,[]
2020-11-13 12:35:00+00:00,0,0,0.0,[]
2020-11-13 12:40:00+00:00,0,0,0.0,[]
2020-11-13 12:45:00+00:00,0,0,0.0,[]
2020-11-13 12:50:00+00:00,0,0,0.0,[]
2020-11-13 12:55:00+00:00,0,0,0.0,[]
2020-11-13 13:00:00+00:00,0,0,0.0,[]
2020-11-13 13:05:00+00:00,0,0,0.0,[]
2020-11-13 13:10:00+00:00,0,0,0.0,[]
2020-11-13 13:15:00+00:00,0,0,0.0,[]
2020-11-13 13:20:00+00:00,0,0,0.0,[]
2020-11-13 13:25:00+00:00,0,0,0.0,[]
2020-11-13 13:30:00+00:00,0,0,0.0,[]
2020-11-13 13:35:00+00:00,0,0,0.0,[]
2020-11-13 13:40:00+00:00,0,0,0.0,[]
2020-11-13 13:45:00+00:00,0,0,0.0,[]
2020-11-13 13:50:00+00:00,0,0,0.0,[]
2020-11-13 13:55:00+00:00,0,0,0.0,[]
2020-11-13 14:00:00+00:00,0,0,0.0,[]
2020-11-13 14:05:00+00:00,0,0,0.0,[]
2020-11-13 14:10:00+00:00,0,0,0.0,[]
2020-11-13 14:15:00+00:00,0,0,0.0,[]
2020-11-13 14:20:00+00:00,0,0,0.0,[]
2020-11-13 14:25:00+00:00,0,0,0.0,[]
2020-11-13 14:30:00+00:00,0,0,0.0,[]
2020-11-13 14:35:00+00:00,0,0,0.0,[]
2020-11-13 14:40:00+00:00,0,0,0.0,[]
2020-11-13 14:45:00+00:00,0,0,0.0,[]
2020-11-13 14:50:00+00:00,0,0,0.0,[]
2020-11-13 14:55:00+00:00,0,0,0.0,[]
2020-11-13 15:00:00+00:00,0,0,0.0,[]
2020-11-13 15:05:00+00:00,0,0,0.0,[]
2020-11-13 15:10:00+00:00,0,0,0.0,[]
2020-11-13 15:15:00+00:00,0,0,0.0,[]
2020-11-13 15:20:00+00:00,0,0,0.0,[]
2020-11-13 15:25:00+00:00,0,0,0.0,[]
2020-11-13 15:30:00+00:00,0,0,0.0,[]
2020-11-13 15:35:00+00:00,0,0,0.0,[]
2020-11-13 15:40:00+00:00,0,0,0.0,[]
2020-11-13 15:45:00+00:00,0,0,0.0,[]
2020-11-13 15:50:00+00:00,0,0,0.0,[]
2020-11-13 15:55:00+00:00,0,0,0.0,[]
2020-11-13 16:00:00+00:00,0,0,0.0,[]
2020-11-13 16:05:00+00:00,0,0,0.0,[]
2020-11-13 16:10:00+00:00,0,0,0.0,[]
2020-11-13 16:15:00+00:00,0,0,0.0,[]
2020-11-13 16:20:00+00:00,0,0,0.0,[]
2020-11-13 16:25:00+00:00,0,0,0.0,[]
2020-11-13 16:30:00+00:00,0,0,0.0,[]
2020-11-13 16:35:00+00:00,0,0,0.0,[]
2020-11-13 16:40:00+00:00,0,0,0.0,[]
2020-11-13 16:45:00+00:00,0,0,0.0,[]
2020-11-13 16:50:00+00:00,0,0,0.0,[]
2020-11-13 16:55:00+00:00,0,0,0.0,[]
2020-11-13 17:00:00+00:00,0,0,0.0,[]
2020-11-13 17:05:00+00:00,0,0,0.0,[]
2020-11-13 17:10:00+00:00,0,0,0.0,[]
2020-11-13 17:15:00+00:00,0,0,0.0,[]
2020-11-13 17:20:00+00:00,0,0,0.0,[]
2020-11-13 17:25:00+00:00,0,0,0.0,[]
2020-11-13 17:30:00+00:00,0,0,0.0,[]
2020-11-13 17:35:00+00:00,0,0,0.0,[]
2020-11-13 17:40:00+00:00,0,0,0.0,[]
2020-11-13 17:45:00+00:00,0,0,0.0,[]
2020-11-13 17:50:00+00:00,0,0,0.0,[]
2020-11-13 17:55:00+00:00,0,0,0.0,[]
2020-11-13 18:00:00+00:00,0,0,0.0,[]
2020-11-13 18:05:00+00:00,0,0,0.0,[]
2020-11-13 18:10:00+00:00,0,0,0.0,[]
2020-11-13 18:15:00+00:00,0,0,0.0,[]
2020-11-13 18:20:00+00:00,0,0,0.0,[]
2020-11-13 18:25:00+00:00,0,0,0.0,[]
2020-11-13 18:30:00+00:00,0,0,0.0,[]
2020-11-13 18:35:00+00:00,0,0,0.0,[]
2020-11-13 18:40:00+00:00,0,0,0.0,[]
2020-11-13 18:45:00+00:00,0,0,0.0,[]
2020-11-13 18:50:00+00:00,0,0,0.0,[]
2020-11-13 18:55:00+00:00,0,0,0.0,[]
2020-11-13 19:00:00+00:00,0,0,0.0,[]
2020-11-13 19:05:00+00:00,0,0,0.0,[]
2020-11-13 19:10:00+00:00,0,0,0.0,[]
2020-11-13 19:15:00+00:00,0,0,0.0,[]
2020-11-13 19:20:00+00:00,0,0,0.0,[]
2020-11-13 19:25:00+00:00,0,0,0.0,[]
2020-11-13 19:30:00+00:00,0,0,0.0,[]
2020-11-13 19:35:00+00:00,0,0,0.0,[]
2020-11-13 19:40:00+00:00,0,0,0.0,[]
2020-11-13 19:45:00+00:00,0,0,0.0,[]
2020-11-13 19:50:00+00:00,0,0,0.0,[]
2020-11-13 19:55:00+00:00,0,0,0.0,[]
2020-11-13 20:00:00+00:00,0,0,0.0,[]
2020-11-13 20:05:00+00:00,0,0,0.0,[]
2020-11-13 20:10:00+00:00,0,0,0.0,[]
2020-11-13 20:15:00+00:00,0,0,0.0,[]
2020-11-13 20:20:00+00:00,0,0,0.0,[]
2020-11-13 20:25:00+00:00,0,0,0.0,[]
2020-11-13 20:30:00+00:00,0,0,0.0,[]
2020-11-13 20:35:00+00:00,0,0,0.0,[]
2020-11-13 20:40:00+00:00,0,0,0.0,[]
2020-11-13 20:45:00+00:00,0,0,0.0,[]
2020-11-13 20:50:00+00:00,0,0,0.0,[]
2020-11-13 20:55:00+00:00,0,0,0.0,[]
2020-11-13 21:00:00+00:00,0,0,0.0,[]
2020-11-13 21:05:00+00:00,0,0,0.0,[]
2020-11-13 21:10:00+00:00,0,0,0.0,[]
2020-11-13 21:15:00+00:00,0,0,0.0,[]
2020-11-13 21:20:00+00:00,0,0,0.0,[]
2020-11-13 21:25:00+00:00,0,0,0.0,[]
2020-11-13 21:30:00+00:00,0,0,0.0,[]
2020-11-13 21:35:00+00:00,0,0,0.0,[]
2020-11-13 21:40:00+00:00,0,0,0.0,[]
2020-11-13 21:45:00+00:00,0,0,0.0,[]
2020-11-13 21:50:00+00:00,0,0,0.0,[]
2020-11-13 21:55:00+00:00,0,0,0.0,[]
2020-11-13 22:00:00+00:00,0,0,0.0,[]
2020-11-13 22:05:00+00:00,0,0,0.0,[]
2020-11-13 22:10:00+00:00,0,0,0.0,[]
2020-11-13 22:15:00+00:00,0,0,0.0,[]
2020-11-13 22:20:00+00:00,0,0,0.0,[]
2020-11-13 22:25:00+00:00,0,0,0.0,[]
2020-11-13 22:30:00+00:00,0,0,0.0,[]
2020-11-13 22:35:00+00:00,0,0,0.0,[]
2020-11-13 22:40:00+00:00,0,0,0.0,[]
2020-11-13 22:45:00+00:00,0,0,0.0,[]
2020-11-13 22:50:00+00:00,0,0,0.0,[]
2020-11-13 22:55:00+00:00,0,0,0.0,[]
2020-11-13 23:00:00+00:00,0,0,0.0,[]
2020-11-13 23:05:00+00:00,0,0,0.0,[]
2020-11-13 23:10:00+00:00,0,0,0.0,[]
2020-11-13 23:15:00+00:00,0,0,0.0,[]
2020-11-13 23:20:00+00:00,0,0,0.0,[]
2020-11-13 23:25:00+00:00,0,0,0.0,[]
2020-11-13 23:30:00+00:00,0,0,0.0,[]
2020-11-13 23:35:00+00:00,0,0,0.0,[]
2020-11-13 23:40:00+00:00,0,0,0.0,[]
2020-11-13 23:45:00+00:00,0,0,0.0,[]
2020-11-13 23:50:00+00:00,0,0,0.0,[]
2020-11-13 23:55:00+00:00,0,0,0.0,[]
2020-11-14 00:00:00+00:00,0,0,0.0,[]
2020-11-14 00:05:00+00:00,0,0,0.0,[]
2020-11-14 00:10:00+00:00,0,0,0.0,[]
2020-11-14 00:15:00+00:00,0,0,0.0,[]
2020-11-14 00:20:00+00:00,0,0,0.0,[]
2020-11-14 00:25:00+00:00,0,0,0.0,[]
2020-11-14 00:30:00+00:00,0,0,0.0,[]
2020-11-14 00:35:00+00:00,0,0,0.0,[]
2020-11-14 00:40:00+00:00,0,0,0.0,[]
2020-11-14 00:45:00+00:00,0,0,0.0,[]
2020-11-14 00:50:00+00:00,0,0,0.0,[]
2020-11-14 00:55:00+00:00,0,0,0.0,[]
2020-11-14 01:00:00+00:00,0,0,0.0,[]
2020-11-14 01:05:00+00:00,0,0,0.0,[]
2020-11-14 01:10:00+00:00,0,0,0.0,[]
2020-11-14 01:15:00+00:00,0,0,0.0,[]
2020-11-14 01:20:00+00:00,0,0,0.0,[]
2020-11-14 01:25:00+00:00,0,0,0.0,[]
2020-11-14 01:30:00+00:00,0,0,0.0,[]
2020-11-14 01:35:00+00:00,0,0,0.0,[]
2020-11-14 01:40:00+00:00,0,0,0.0,[]
2020-11-14 01:45:00+00:00,0,0,0.0,[]
2020-11-14 01:50:00+00:00,0,0,0.0,[]
2020-11-14 01:55:00+00:00,0,0,0.0,[]
2020-11-14 02:00:00+00:00,0,0,0.0,[]
2020-11-14 02:05:00+00:00,0,0,0.0,[]
2020-11-14 02:10:00+00:00,0,0,0.0,[]
2020-11-14 02:15:00+00:00,0,0,0.0,[]
2020-11-14 02:20:00+00:00,0,0,0.0,[]
2020-11-14 02:25:00+00:00,0,0,0.0,[]
2020-11-14 02:30:00+00:00,0,0,0.0,[]
2020-11-14 02:35:00+00:00,0,0,0.0,[]
2020-11-14 02:40:00+00:00,0,0,0.0,[]
2020-11-14 02:45:00+00:00,0,0,0.0,[]
2020-11-14 02:50:00+00:00,0,0,0.0,[]
2020-11-14 02:55:00+00:00,0,0,0.0,[]
2020-11-14 03:00:00+00:00,0,0,0.0,[]
2020-11-14 03:05:00+00:00,0,0,0.0,[]
2020-11-14 03:10:00+00:00,0,0,0.0,[]
2020-11-14 03:15:00+00:00,0,0,0.0,[]
2020-11-14 03:20:00+00:00,0,0,0.0,[]
2020-11-14 03:25:00+00:00,0,0,0.0,[]
2020-11-14 03:30:00+00:00,0,0,0.0,[]
2020-11-14 03:35:00+00:00,0,0,0.0,[]
2020-11-14 03:40:00+00:00,0,0,0.0,[]
2020-11-14 03:45:00+00:00,0,0,0.0,[]
2020-11-14 03:50:00+00:00,0,0,0.0,[]
2020-11-14 03:55:00+00:00,0,0,0.0,[]
2020-11-14 04:00:00+00:00,0,0,0.0,[]
2020-11-14 04:05:00+00:00,0,0,0.0,[]
2020-11-14 04:10:00+00:00,0,0,0.0,[]
2020-11-14 04:15:00+00:00,0,0,0.0,[]
2020-11-14 04:20:00+00:00,0,0,0.0,[]
2020-11-14 04:25:00+00:00,0,0,0.0,[]
2020-11-14 04:30:00+00:00,0,0,0.0,[]
2020-11-14 04:35:00+00:00,0,0,0.0,[]
2020-11-14 04:40:00+00:00,0,0,0.0,[]
2020-11-14 04:45:00+00:00,0,0,0.0,[]
2020-11-14 04:50:00+00:00,0,0,0.0,[]
2020-11-14 04:55:00+00:00,0,0,0.0,[]
2020-11-14 05:00:00+00:00,0,0,0.0,[]
2020-11-14 05:05:00+00:00,0,0,0.0,[]
2020-11-14 05:10:00+00:00,0,0,0.0,[]
2020-11-14 05:15:00+00:00,0,0,0.0,[]
2020-11-14 05:20:00+00:00,0,0,0.0,[]
2020-11-14 05:25:00+00:00,0,0,0.0,[]
2020-11-14 05:30:00+00:00,0,0,0.0,[]
2020-11-14 05:35:00+00:00,0,0,0.0,[]
2020-11-14 05:40:00+00:00,0,0,0.0,[]
2020-11-14 05:45:00+00:00,0,0,0.0,[]
2020-11-14 05:50:00+00:00,0,0,0.0,[]
2020-11-14 05:55:00+00:00,0,0,0.0,[]
2020-11-14 06:00:00+00:00,0,0,0.0,[]
2020-11-14 06:05:00+00:00,0,0,0.0,[]
2020-11-14 06:10:00+00:00,0,0,0.0,[]
2020-11-14 06:15:00+00:00,0,0,0.0,[]
2020-11-14 06:20:00+00:00,0,0,0.0,[]
2020-11-14 06:25:00+00:00,0,0,0.0,[]
2020-11-14 06:30:00+00:00,0,0,0.0,[]
2020-11-14 06:35:00+00:00,0,0,0.0,[]
2020-11-14 06:40:00+00:00,0,0,0.0,[]
2020-11-14 06:45:00+00:00,0,0,0.0,[]
2020-11-14 06:50:00+00:00,0,0,0.0,[]
2020-11-14 06:55:00+00:00,0,0,0.0,[]
2020-11-14 07:00:00+00:00,0,0,0.0,[]
2020-11-14 07:05:00+00:00,0,0,0.0,[]
2020-11-14 07:10:00+00:00,0,0,0.0,[]
2020-11-14 07:15:00+00:00,0,0,0.0,[]
2020-11-14 07:20:00+00:00,0,0,0.0,[]
2020-11-14 07:25:00+00:00,0,0,0.0,[]
2020-11-14 07:30:00+00:00,0,0,0.0,[]
2020-11-14 07:35:00+00:00,0,0,0.0,[]
2020-11-14 07:40:00+00:00,0,0,0.0,[]
2020-11-14 07:45:00+00:00,0,0,0.0,[]
2020-11-14 07:50:00+00:00,0,0,0.0,[]
2020-11-14 07:55:00+00:00,0,0,0.0,[]
2020-11-14 08:00:00+00:00,0,0,0.0,[]
2020-11-14 08:05:00+00:00,0,0,0.0,[]
2020-11-14 08:10:00+00:00,0,0,0.0,[]
2020-11-14 08:15:00+00:00,0,0,0.0,[]
2020-11-14 08:20:00+00:00,0,0,0.0,[]
2020-11-14 08:25:00+00:00,0,0,0.0,[]
2020-11-14 08:30:00+00:00,0,0,0.0,[]
2020-11-14 08:35:00+00:00,0,0,0.0,[]
2020-11-14 08:40:00+00:00,0,0,0.0,[]
2020-11-14 08:45:00+00:00,0,0,0.0,[]
2020-11-14 08:50:00+00:00,0,0,0.0,[]
2020-11-14 08:55:00+00:00,0,0,0.0,[]
2020-11-14 09:00:00+00:00,0,0,0.0,[]
2020-11-14 09:05:00+00:00,0,0,0.0,[]
2020-11-14 09:10:00+00:00,0,0,0.0,[]
2020-11-14 09:15:00+00:00,0,0,0.0,[]
2020-11-14 09:20:00+00:00,0,0,0.0,[]
2020-11-14 09:25:00+00:00,0,0,0.0,[]
2020-11-14 09:30:00+00:00,0,0,0.0,[]
2020-11-14 09:35:00+00:00,0,0,0.0,[]
2020-11-14 09:40:00+00:00,0,0,0.0,[]
2020-11-14 09:45:00+00:00,0,0,0.0,[]
2020-11-14 09:50:00+00:00,0,0,0.0,[]
2020-11-14 09:55:00+00:00,0,0,0.0,[]
2020-11-14 10:00:00+00:00,0,0,0.0,[]
2020-11-14 10:05:00+00:00,0,0,0.0,[]
2020-11-14 10:10:00+00:00,0,0,0.0,[]
2020-11-14 10:15:00+00:00,0,0,0.0,[]
2020-11-14 10:20:00+00:00,0,0,0.0,[]
2020-11-14 10:25:00+00:00,0,0,0.0,[]
2020-11-14 10:30:00+00:00,0,0,0.0,[]
2020-11-14 10:35:00+00:00,0,0,0.0,[]
2020-11-14 10:40:00+00:00,0,0,0.0,[]
2020-11-14 10:45:00+00:00,0,0,0.0,[]
2020-11-14 10:50:00+00:00,0,0,0.0,[]
2020-11-14 10:55:00+00:00,0,0,0.0,[]
2020-11-14 11:00:00+00:00,0,0,0.0,[]
2020-11-14 11:05:00+00:00,0,0,0.0,[]
2020-11-14 11:10:00+00:00,0,0,0.0,[]
2020-11-14 11:15:00+00:00,0,0,0.0,[]
2020-11-14 11:20:00+00:00,0,0,0.0,[]
2020-11-14 11:25:00+00:00,0,0,0.0,[]
2020-11-14 11:30:00+00:00,0,0,0.0,[]
2020-11-14 11:35:00+00:00,0,0,0.0,[]
2020-11-14 11:40:00+00:00,0,0,0.0,[]
2020-11-14 11:45:00+00:00,0,0,0.0,[]
2020-11-14 11:50:00+00:00,0,0,0.0,[]
2020-11-14 11:55:00+00:00,0,0,0.0,[]
2020-11-14 12:00:00+00:00,0,0,0.0,[]
2020-11-14 12:05:00+00:00,0,0,0.0,[]
2020-11-14 12:10:00+00:00,0,0,0.0,[]
2020-11-14 12:15:00+00:00,0,0,0.0,[]
2020-11-14 12:20:00+00:00,0,0,0.0,[]
2020-11-14 12:25:00+00:00,0,0,0.0,[]
2020-11-14 12:30:00+00:00,0,0,0.0,[]
2020-11-14 12:35:00+00:00,0,0,0.0,[]
2020-11-14 12:40:00+00:00,0,0,0.0,[]
2020-11-14 12:45:00+00:00,0,0,0.0,[]
2020-11-14 12:50:00+00:00,0,0,0.0,[]
2020-11-14 12:55:00+00:00,0,0,0.0,[]
2020-11-14 13:00:00+00:00,0,0,0.0,[]
2020-11-14 13:05:00+00:00,0,0,0.0,[]
2020-11-14 13:10:00+00:00,0,0,0.0,[]
2020-11-14 13:15:00+00:00,0,0,0.0,[]
2020-11-14 13:20:00+00:00,0,0,0.0,[]
2020-11-14 13:25:00+00:00,0,0,0.0,[]
2020-11-14 13:30:00+00:00,0,0,0.0,[]
2020-11-14 13:35:00+00:00,0,0,0.0,[]
2020-11-14 13:40:00+00:00,0,0,0.0,[]
2020-11-14 13:45:00+00:00,0,0,0.0,[]
2020-11-14 13:50:00+00:00,0,0,0.0,[]
2020-11-14 13:55:00+00:00,0,0,0.0,[]
2020-11-14 14:00:00+00:00,0,0,0.0,[]
2020-11-14 14:05:00+00:00,0,0,0.0,[]
2020-11-14 14:10:00+00:00,0,0,0.0,[]
2020-11-14 14:15:00+00:00,0,0,0.0,[]
2020-11-14 14:20:00+00:00,0,0,0.0,[]
2020-11-14 14:25:00+00:00,0,0,0.0,[]
2020-11-14 14:30:00+00:00,0,0,0.0,[]
2020-11-14 14:35:00+00:00,0,0,0.0,[]
2020-11-14 14:40:00+00:00,0,0,0.0,[]
2020-11-14 14:45:00+00:00,0,0,0.0,[]
2020-11-14 14:50:00+00:00,0,0,0.0,[]
2020-11-14 14:55:00+00:00,0,0,0.0,[]
2020-11-14 15:00:00+00:00,0,0,0.0,[]
2020-11-14 15:05:00+00:00,0,0,0.0,[]
2020-11-14 15:10:00+00:00,0,0,0.0,[]
2020-11-14 15:15:00+00:00,0,0,0.0,[]
2020-11-14 15:20:00+00:00,0,0,0.0,[]
2020-11-14 15:25:00+00:00,0,0,0.0,[]
2020-11-14 15:30:00+00:00,0,0,0.0,[]
2020-11-14 15:35:00+00:00,0,0,0.0,[]
2020-11-14 15:40:00+00:00,0,0,0.0,[]
2020-11-14 15:45:00+00:00,0,0,0.0,[]
2020-11-14 15:50:00+00:00,0,0,0.0,[]
2020-11-14 15:55:00+00:00,0,0,0.0,[]
2020-11-14 16:00:00+00:00,0,0,0.0,[]
2020-11-14 16:05:00+00:00,0,0,0.0,[]
2020-11-14 16:10:00+00:00,0,0,0.0,[]
2020-11-14 16:15:00+00:00,0,0,0.0,[]
2020-11-14 16:20:00+00:00,0,0,0.0,[]
2020-11-14 16:25:00+00:00,0,0,0.0,[]
2020-11-14 16:30:00+00:00,0,0,0.0,[]
2020-11-14 16:35:00+00:00,0,0,0.0,[]
2020-11-14 16:40:00+00:00,0,0,0.0,[]
2020-11-14 16:45:00+00:00,0,0,0.0,[]
2020-11-14 16:50:00+00:00,0,0,0.0,[]
2020-11-14 16:55:00+00:00,0,0,0.0,[]
2020-11-14 17:00:00+00:00,0,0,0.0,[]
2020-11-14 17:05:00+00:00,0,0,0.0,[]
2020-11-14 17:10:00+00:00,0,0,0.0,[]
2020-11-14 17:15:00+00:00,0,0,0.0,[]
2020-11-14 17:20:00+00:00,0,0,0.0,[]
2020-11-14 17:25:00+00:00,0,0,0.0,[]
2020-11-14 17:30:00+00:00,0,0,0.0,[]
2020-11-14 17:35:00+00:00,0,0,0.0,[]
2020-11-14 17:40:00+00:00,0,0,0.0,[]
2020-11-14 17:45:00+00:00,0,0,0.0,[]
2020-11-14 17:50:00+00:00,0,0,0.0,[]
2020-11-14 17:55:00+00:00,0,0,0.0,[]
2020-11-14 18:00:00+00:00,0,0,0.0,[]
2020-11-14 18:05:00+00:00,0,0,0.0,[]
2020-11-14 18:10:00+00:00,0,0,0.0,[]
2020-11-14 18:15:00+00:00,0,0,0.0,[]
2020-11-14 18:20:00+00:00,0,0,0.0,[]
2020-11-14 18:25:00+00:00,0,0,0.0,[]
2020-11-14 18:30:00+00:00,0,0,0.0,[]
2020-11-14 18:35:00+00:00,0,0,0.0,[]
2020-11-14 18:40:00+00:00,0,0,0.0,[]
2020-11-14 18:45:00+00:00,0,0,0.0,[]
2020-11-14 18:50:00+00:00,0,0,0.0,[]
2020-11-14 18:55:00+00:00,0,0,0.0,[]
2020-11-14 19:00:00+00:00,0,0,0.0,[]
2020-11-14 19:05:00+00:00,0,0,0.0,[]
2020-11-14 19:10:00+00:00,0,0,0.0,[]
2020-11-14 19:15:00+00:00,0,0,0.0,[]
2020-11-14 19:20:00+00:00,0,0,0.0,[]
2020-11-14 19:25:00+00:00,0,0,0.0,[]
2020-11-14 19:30:00+00:00,0,0,0.0,[]
2020-11-14 19:35:00+00:00,0,0,0.0,[]
2020-11-14 19:40:00+00:00,0,0,0.0,[]
2020-11-14 19:45:00+00:00,0,0,0.0,[]
2020-11-14 19:50:00+00:00,0,0,0.0,[]
2020-11-14 19:55:00+00:00,0,0,0.0,[]
2020-11-14 20:00:00+00:00,0,0,0.0,[]
2020-11-14 20:05:00+00:00,0,0,0.0,[]
2020-11-14 20:10:00+00:00,0,0,0.0,[]
2020-11-14 20:15:00+00:00,0,0,0.0,[]
2020-11-14 20:20:00+00:00,0,0,0.0,[]
2020-11-14 20:25:00+00:00,0,0,0.0,[]
2020-11-14 20:30:00+00:00,0,0,0.0,[]
2020-11-14 20:35:00+00:00,0,0,0.0,[]
2020-11-14 20:40:00+00:00,0,0,0.0,[]
2020-11-14 20:45:00+00:00,0,0,0.0,[]
2020-11-14 20:50:00+00:00,0,0,0.0,[]
2020-11-14 20:55:00+00:00,0,0,0.0,[]
2020-11-14 21:00:00+00:00,0,0,0.0,[]
2020-11-14 21:05:00+00:00,0,0,0.0,[]
2020-11-14 21:10:00+00:00,0,0,0.0,[]
2020-11-14 21:15:00+00:00,0,0,0.0,[]
2020-11-14 21:20:00+00:00,0,0,0.0,[]
2020-11-14 21:25:00+00:00,0,0,0.0,[]
2020-11-14 21:30:00+00:00,0,0,0.0,[]
2020-11-14 21:35:00+00:00,0,0,0.0,[]
2020-11-14 21:40:00+00:00,0,0,0.0,[]
2020-11-14 21:45:00+00:00,0,0,0.0,[]
2020-11-14 21:50:00+00:00,0,0,0.0,[]
2020-11-14 21:55:00+00:00,0,0,0.0,[]
2020-11-14 22:00:00+00:00,0,0,0.0,[]
2020-11-14 22:05:00+00:00,0,0,0.0,[]
2020-11-14 22:10:00+00:00,0,0,0.0,[]
2020-11-14 22:15:00+00:00,0,0,0.0,[]
2020-11-14 22:20:00+00:00,0,0,0.0,[]
2020-11-14 22:25:00+00:00,0,0,0.0,[]
2020-11-14 22:30:00+00:00,0,0,0.0,[]
2020-11-14 22:35:00+00:00,0,0,0.0,[]
2020-11-14 22:40:00+00:00,0,0,0.0,[]
2020-11-14 22:45:00+00:00,0,0,0.0,[]
2020-11-14 22:50:00+00:00,0,0,0.0,[]
2020-11-14 22:55:00+00:00,0,0,0.0,[]
2020-11-14 23:00:00+00:00,0,0,0.0,[]
2020-11-14 23:05:00+00:00,0,0,0.0,[]
2020-11-14 23:10:00+00:00,0,0,0.0,[]
2020-11-14 23:15:00+00:00,0,0,0.0,[]
2020-11-14 23:20:00+00:00,0,0,0.0,[]
2020-11-14 23:25:00+00:00,0,0,0.0,[]
2020-11-14 23:30:00+00:00,0,0,0.0,[]
2020-11-14 23:35:00+00:00,0,0,0.0,[]
2020-11-14 23:40:00+00:00,0,0,0.0,[]
2020-11-14 23:45:00+00:00,0,0,0.0,[]
2020-11-14 23:50:00+00:00,0,0,0.0,[]
2020-11-14 23:55:00+00:00,0,0,0.0,[]
2020-11-15 00:00:00+00:00,0,0,0.0,[]
2020-11-15 00:05:00+00:00,0,0,0.0,[]
2020-11-15 00:10:00+00:00,0,0,0.0,[]
2020-11-15 00:15:00+00:00,0,0,0.0,[]
2020-11-15 00:20:00+00:00,0,0,0.0,[]
2020-11-15 00:25:00+00:00,0,0,0.0,[]
2020-11-15 00:30:00+00:00,0,0,0.0,[]
2020-11-15 00:35:00+00:00,0,0,0.0,[]
2020-11-15 00:40:00+00:00,0,0,0.0,[]
2020-11-15 00:45:00+00:00,0,0,0.0,[]
2020-11-15 00:50:00+00:00,0,0,0.0,[]
2020-11-15 00:55:00+00:00,0,0,0.0,[]
2020-11-15 01:00:00+00:00,0,0,0.0,[]
2020-11-15 01:05:00+00:00,0,0,0.0,[]
2020-11-15 01:10:00+00:00,0,0,0.0,[]
2020-11-15 01:15:00+00:00,0,0,0.0,[]
2020-11-15 01:20:00+00:00,0,0,0.0,[]
2020-11-15 01:25:00+00:00,0,0,0.0,[]
2020-11-15 01:30:00+00:00,0,0,0.0,[]
2020-11-15 01:35:00+00:00,0,0,0.0,[]
2020-11-15 01:40:00+00:00,0,0,0.0,[]
2020-11-15 01:45:00+00:00,0,0,0.0,[]
2020-11-15 01:50:00+00:00,0,0,0.0,[]
2020-11-15 01:55:00+00:00,0,0,0.0,[]
2020-11-15 02:00:00+00:00,0,0,0.0,[]
2020-11-15 02:05:00+00:00,0,0,0.0,[]
2020-11-15 02:10:00+00:00,0,0,0.0,[]
2020-11-15 02:15:00+00:00,0,0,0.0,[]
2020-11-15 02:20:00+00:00,0,0,0.0,[]
2020-11-15 02:25:00+00:00,0,0,0.0,[]
2020-11-15 02:30:00+00:00,0,0,0.0,[]
2020-11-15 02:35:00+00:00,0,0,0.0,[]
2020-11-15 02:40:00+00:00,0,0,0.0,[]
2020-11-15 02:45:00+00:00,0,0,0.0,[]
2020-11-15 02:50:00+00:00,0,0,0.0,[]
2020-11-15 02:55:00+00:00,0,0,0.0,[]
2020-11-15 03:00:00+00:00,0,0,0.0,[]
2020-11-15 03:05:00+00:00,0,0,0.0,[]
2020-11-15 03:10:00+00:00,0,0,0.0,[]
2020-11-15 03:15:00+00:00,0,0,0.0,[]
2020-11-15 03:20:00+00:00,0,0,0.0,[]
2020-11-15 03:25:00+00:00,0,0,0.0,[]
2020-11-15 03:30:00+00:00,0,0,0.0,[]
2020-11-15 03:35:00+00:00,0,0,0.0,[]
2020-11-15 03:40:00+00:00,0,0,0.0,[]
2020-11-15 03:45:00+00:00,0,0,0.0,[]
2020-11-15 03:50:00+00:00,0,0,0.0,[]
2020-11-15 03:55:00+00:00,0,0,0.0,[]
2020-11-15 04:00:00+00:00,0,0,0.0,[]
2020-11-15 04:05:00+00:00,0,0,0.0,[]
2020-11-15 04:10:00+00:00,0,0,0.0,[]
2020-11-15 04:15:00+00:00,0,0,0.0,[]
2020-11-15 04:20:00+00:00,0,0,0.0,[]
2020-11-15 04:25:00+00:00,0,0,0.0,[]
2020-11-15 04:30:00+00:00,0,0,0.0,[]
2020-11-15 04:35:00+00:00,0,0,0.0,[]
2020-11-15 04:40:00+00:00,0,0,0.0,[]
2020-11-15 04:45:00+00:00,0,0,0.0,[]
2020-11-15 04:50:00+00:00,0,0,0.0,[]
2020-11-15 04:55:00+00:00,0,0,0.0,[]
2020-11-15 05:00:00+00:00,0,0,0.0,[]
2020-11-15 05:05:00+00:00,0,0,0.0,[]
2020-11-15 05:10:00+00:00,0,0,0.0,[]
2020-11-15 05:15:00+00:00,0,0,0.0,[]
2020-11-15 05:20:00+00:00,0,0,0.0,[]
2020-11-15 05:25:00+00:00,0,0,0.0,[]
2020-11-15 05:30:00+00:00,0,0,0.0,[]
2020-11-15 05:35:00+00:00,0,0,0.0,[]
2020-11-15 05:40:00+00:00,0,0,0.0,[]
2020-11-15 05:45:00+00:00,0,0,0.0,[]
2020-11-15 05:50:00+00:00,0,0,0.0,[]
2020-11-15 05:55:00+00:00,0,0,0.0,[]
2020-11-15 06:00:00+00:00,0,0,0.0,[]
2020-11-15 06:05:00+00:00,0,0,0.0,[]
2020-11-15 06:10:00+00:00,0,0,0.0,[]
2020-11-15 06:15:00+00:00,0,0,0.0,[]
2020-11-15 06:20:00+00:00,0,0,0.0,[]
2020-11-15 06:25:00+00:00,0,0,0.0,[]
2020-11-15 06:30:00+00:00,0,0,0.0,[]
2020-11-15 06:35:00+00:00,0,0,0.0,[]
2020-11-15 06:40:00+00:00,0,0,0.0,[]
2020-11-15 06:45:00+00:00,0,0,0.0,[]
2020-11-15 06:50:00+00:00,0,0,0.0,[]
2020-11-15 06:55:00+00:00,0,0,0.0,[]
2020-11-15 07:00:00+00:00,0,0,0.0,[]
2020-11-15 07:05:00+00:00,0,0,0.0,[]
2020-11-15 07:10:00+00:00,0,0,0.0,[]
2020-11-15 07:15:00+00:00,0,0,0.0,[]
2020-11-15 07:20:00+00:00,0,0,0.0,[]
2020-11-15 07:25:00+00:00,0,0,0.0,[]
2020-11-15 07:30:00+00:00,0,0,0.0,[]
2020-11-15 07:35:00+00:00,0,0,0.0,[]
2020-11-15 07:40:00+00:00,0,0,0.0,[]
2020-11-15 07:45:00+00:00,0,0,0.0,[]
2020-11-15 07:50:00+00:00,0,0,0.0,[]
2020-11-15 07:55:00+00:00,0,0,0.0,[]
2020-11-15 08:00:00+00:00,0,0,0.0,[]
2020-11-15 08:05:00+00:00,0,0,0.0,[]
2020-11-15 08:10:00+00:00,0,0,0.0,[]
2020-11-15 08:15:00+00:00,0,0,0.0,[]
2020-11-15 08:20:00+00:00,0,0,0.0,[]
2020-11-15 08:25:00+00:00,0,0,0.0,[]
2020-11-15 08:30:00+00:00,0,0,0.0,[]
2020-11-15 08:35:00+00:00,0,0,0.0,[]
2020-11-15 08:40:00+00:00,0,0,0.0,[]
2020-11-15 08:45:00+00:00,0,0,0.0,[]
2020-11-15 08:50:00+00:00,0,0,0.0,[]
2020-11-15 08:55:00+00:00,0,0,0.0,[]
2020-11-15 09:00:00+00:00,0,0,0.0,[]
2020-11-15 09:05:00+00:00,0,0,0.0,[]
2020-11-15 09:10:00+00:00,0,0,0.0,[]
2020-11-15 09:15:00+00:00,0,0,0.0,[]
2020-11-15 09:20:00+00:00,0,0,0.0,[]
2020-11-15 09:25:00+00:00,0,0,0.0,[]
2020-11-15 09:30:00+00:00,0,0,0.0,[]
2020-11-15 09:35:00+00:00,0,0,0.0,[]
2020-11-15 09:40:00+00:00,0,0,0.0,[]
2020-11-15 09:45:00+00:00,0,0,0.0,[]
2020-11-15 09:50:00+00:00,0,0,0.0,[]
2020-11-15 09:55:00+00:00,0,0,0.0,[]
2020-11-15 10:00:00+00:00,0,0,0.0,[]
2020-11-15 10:05:00+00:00,0,0,0.0,[]
2020-11-15 10:10:00+00:00,0,0,0.0,[]
2020-11-15 10:15:00+00:00,0,0,0.0,[]
2020-11-15 10:20:00+00:00,0,0,0.0,[]
2020-11-15 10:25:00+00:00,0,0,0.0,[]
2020-11-15 10:30:00+00:00,0,0,0.0,[]
2020-11-15 10:35:00+00:00,0,0,0.0,[]
2020-11-15 10:40:00+00:00,0,0,0.0,[]
2020-11-15 10:45:00+00:00,0,0,0.0,[]
2020-11-15 10:50:00+00:00,0,0,0.0,[]
2020-11-15 10:55:00+00:00,0,0,0.0,[]
2020-11-15 11:00:00+00:00,0,0,0.0,[]
2020-11-15 11:05:00+00:00,0,0,0.0,[]
2020-11-15 11:10:00+00:00,0,0,0.0,[]
2020-11-15 11:15:00+00:00,0,0,0.0,[]
2020-11-15 11:20:00+00:00,0,0,0.0,[]
2020-11-15 11:25:00+00:00,0,0,0.0,[]
2020-11-15 11:30:00+00:00,0,0,0.0,[]
2020-11-15 11:35:00+00:00,0,0,0.0,[]
2020-11-15 11:40:00+00:00,0,0,0.0,[]
2020-11-15 11:45:00+00:00,0,0,0.0,[]
2020-11-15 11:50:00+00:00,0,0,0.0,[]
2020-11-15 11:55:00+00:00,0,0,0.0,[]
2020-11-15 12:00:00+00:00,0,0,0.0,[]
2020-11-15 12:05:00+00:00,0,0,0.0,[]
2020-11-15 12:10:00+00:00,0,0,0.0,[]
2020-11-15 12:15:00+00:00,0,0,0.0,[]
2020-11-15 12:20:00+00:00,0,0,0.0,[]
2020-11-15 12:25:00+00:00,0,0,0.0,[]
2020-11-15 12:30:00+00:00,0,0,0.0,[]
2020-11-15 12:35:00+00:00,0,0,0.0,[]
2020-11-15 12:40:00+00:00,0,0,0.0,[]
2020-11-15 12:45:00+00:00,0,0,0.0,[]
2020-11-15 12:50:00+00:00,0,0,0.0,[]
2020-11-15 12:55:00+00:00,0,0,0.0,[]
2020-11-15 13:00:00+00:00,0,0,0.0,[]
2020-11-15 13:05:00+00:00,0,0,0.0,[]
2020-11-15 13:10:00+00:00,0,0,0.0,[]
2020-11-15 13:15:00+00:00,0,0,0.0,[]
2020-11-15 13:20:00+00:00,0,0,0.0,[]
2020-11-15 13:25:00+00:00,0,0,0.0,[]
2020-11-15 13:30:00+00:00,0,0,0.0,[]
2020-11-15 13:35:00+00:00,0,0,0.0,[]
2020-11-15 13:40:00+00:00,0,0,0.0,[]
2020-11-15 13:45:00+00:00,0,0,0.0,[]
2020-11-15 13:50:00+00:00,0,0,0.0,[]
2020-11-15 13:55:00+00:00,0,0,0.0,[]
2020-11-15 14:00:00+00:00,0,0,0.0,[]
2020-11-15 14:05:00+00:00,0,0,0.0,[]
2020-11-15 14:10:00+00:00,0,0,0.0,[]
2020-11-15 14:15:00+00:00,0,0,0.0,[]
2020-11-15 14:20:00+00:00,0,0,0.0,[]
2020-11-15 14:25:00+00:00,0,0,0.0,[]
2020-11-15 14:30:00+00:00,0,0,0.0,[]
2020-11-15 14:35:00+00:00,0,0,0.0,[]
2020-11-15 14:40:00+00:00,0,0,0.0,[]
2020-11-15 14:45:00+00:00,0,0,0.0,[]
2020-11-15 14:50:00+00:00,0,0,0.0,[]
2020-11-15 14:55:00+00:00,0,0,0.0,[]
2020-11-15 15:00:00+00:00,0,0,0.0,[]
2020-11-15 15:05:00+00:00,0,0,0.0,[]
2020-11-15 15:10:00+00:00,0,0,0.0,[]
2020-11-15 15:15:00+00:00,0,0,0.0,[]
2020-11-15 15:20:00+00:00,0,0,0.0,[]
2020-11-15 15:25:00+00:00,0,0,0.0,[]
2020-11-15 15:30:00+00:00,0,0,0.0,[]
2020-11-15 15:35:00+00:00,0,0,0.0,[]
2020-11-15 15:40:00+00:00,0,0,0.0,[]
2020-11-15 15:45:00+00:00,0,0,0.0,[]
2020-11-15 15:50:00+00:00,0,0,0.0,[]
2020-11-15 15:55:00+00:00,0,0,0.0,[]
2020-11-15 16:00:00+00:00,0,0,0.0,[]
2020-11-15 16:05:00+00:00,0,0,0.0,[]
2020-11-15 16:10:00+00:00,0,0,0.0,[]
2020-11-15 16:15:00+00:00,0,0,0.0,[]
2020-11-15 16:20:00+00:00,0,0,0.0,[]
2020-11-15 16:25:00+00:00,0,0,0.0,[]
2020-11-15 16:30:00+00:00,0,0,0.0,[]
2020-11-15 16:35:00+00:00,0,0,0.0,[]
2020-11-15 16:40:00+00:00,0,0,0.0,[]
2020-11-15 16:45:00+00:00,0,0,0.0,[]
2020-11-15 16:50:00+00:00,0,0,0.0,[]
2020-11-15 16:55:00+00:00,0,0,0.0,[]
2020-11-15 17:00:00+00:00,0,0,0.0,[]
2020-11-15 17:05:00+00:00,0,0,0.0,[]
2020-11-15 17:10:00+00:00,0,0,0.0,[]
2020-11-15 17:15:00+00:00,0,0,0.0,[]
2020-11-15 17:20:00+00:00,0,0,0.0,[]
2020-11-15 17:25:00+00:00,0,0,0.0,[]
2020-11-15 17:30:00+00:00,0,0,0.0,[]
2020-11-15 17:35:00+00:00,0,0,0.0,[]
2020-11-15 17:40:00+00:00,0,0,0.0,[]
2020-11-15 17:45:00+00:00,0,0,0.0,[]
2020-11-15 17:50:00+00:00,0,0,0.0,[]
2020-11-15 17:55:00+00:00,0,0,0.0,[]
2020-11-15 18:00:00+00:00,0,0,0.0,[]
2020-11-15 18:05:00+00:00,0,0,0.0,[]
2020-11-15 18:10:00+00:00,0,0,0.0,[]
2020-11-15 18:15:00+00:00,0,0,0.0,[]
2020-11-15 18:20:00+00:00,0,0,0.0,[]
2020-11-15 18:25:00+00:00,0,0,0.0,[]
2020-11-15 18:30:00+00:00,0,0,0.0,[]
2020-11-15 18:35:00+00:00,0,0,0.0,[]
2020-11-15 18:40:00+00:00,0,0,0.0,[]
2020-11-15 18:45:00+00:00,0,0,0.0,[]
2020-11-15 18:50:00+00:00,0,0,0.0,[]
2020-11-15 18:55:00+00:00,0,0,0.0,[]
2020-11-15 19:00:00+00:00,0,0,0.0,[]
2020-11-15 19:05:00+00:00,0,0,0.0,[]
2020-11-15 19:10:00+00:00,0,0,0.0,[]
2020-11-15 19:15:00+00:00,0,0,0.0,[]
2020-11-15 19:20:00+00:00,0,0,0.0,[]
2020-11-15 19:25:00+00:00,0,0,0.0,[]
2020-11-15 19:30:00+00:00,0,0,0.0,[]
2020-11-15 19:35:00+00:00,0,0,0.0,[]
2020-11-15 19:40:00+00:00,0,0,0.0,[]
2020-11-15 19:45:00+00:00,0,0,0.0,[]
2020-11-15 19:50:00+00:00,0,0,0.0,[]
2020-11-15 19:55:00+00:00,0,0,0.0,[]
2020-11-15 20:00:00+00:00,0,0,0.0,[]
2020-11-15 20:05:00+00:00,0,0,0.0,[]
2020-11-15 20:10:00+00:00,0,0,0.0,[]
2020-11-15 20:15:00+00:00,0,0,0.0,[]
2020-11-15 20:20:00+00:00,0,0,0.0,[]
2020-11-15 20:25:00+00:00,0,0,0.0,[]
2020-11-15 20:30:00+00:00,0,0,0.0,[]
2020-11-15 20:35:00+00:00,0,0,0.0,[]
2020-11-15 20:40:00+00:00,0,0,0.0,[]
2020-11-15 20:45:00+00:00,0,0,0.0,[]
2020-11-15 20:50:00+00:00,0,0,0.0,[]
2020-11-15 20:55:00+00:00,0,0,0.0,[]
2020-11-15 21:00:00+00:00,0,0,0.0,[]
2020-11-15 21:05:00+00:00,0,0,0.0,[]
2020-11-15 21:10:00+00:00,0,0,0.0,[]
2020-11-15 21:15:00+00:00,0,0,0.0,[]
2020-11-15 21:20:00+00:00,0,0,0.0,[]
2020-11-15 21:25:00+00:00,0,0,0.0,[]
2020-11-15 21:30:00+00:00,0,0,0.0,[]
2020-11-15 21:35:00+00:00,0,0,0.0,[]
2020-11-15 21:40:00+00:00,0,0,0.0,[]
2020-11-15 21:45:00+00:00,0,0,0.0,[]
2020-11-15 21:50:00+00:00,0,0,0.0,[]
2020-11-15 21:55:00+00:00,0,0,0.0,[]
2020-11-15 22:00:00+00:00,0,0,0.0,[]
2020-11-15 22:05:00+00:00,0,0,0.0,[]
2020-11-15 22:10:00+00:00,0,0,0.0,[]
2020-11-15 22:15:00+00:00,0,0,0.0,[]
2020-11-15 22:20:00+00:00,0,0,0.0,[]
2020-11-15 22:25:00+00:00,0,0,0.0,[]
2020-11-15 22:30:00+00:00,0,0,0.0,[]
2020-11-15 22:35:00+00:00,0,0,0.0,[]
2020-11-15 22:40:00+00:00,0,0,0.0,[]
2020-11-15 22:45:00+00:00,0,0,0.0,[]
2020-11-15 22:50:00+00:00,0,0,0.0,[]
2020-11-15 22:55:00+00:00,0,0,0.0,[]
2020-11-15 23:00:00+00:00,0,0,0.0,[]
2020-11-15 23:05:00+00:00,0,0,0.0,[]
2020-11-15 23:10:00+00:00,0,0,0.0,[]
2020-11-15 23:15:00+00:00,0,0,0.0,[]
2020-11-15 23:20:00+00:00,0,0,0.0,[]
2020-11-15 23:25:00+00:00,0,0,0.0,[]
2020-11-15 23:30:00+00:00,0,0,0.0,[]
2020-11-15 23:35:00+00:00,0,0,0.0,[]
2020-11-15 23:40:00+00:00,0,0,0.0,[]
2020-11-15 23:45:00+00:00,0,0,0.0,[]
2020-11-15 23:50:00+00:00,0,0,0.0,[]
2020-11-15 23:55:00+00:00,0,0,0.0,[]
2020-11-16 00:00:00+00:00,0,0,0.0,[]
2020-11-16 00:05:00+00:00,0,0,0.0,[]
2020-11-16 00:10:00+00:00,0,0,0.0,[]
2020-11-16 00:15:00+00:00,0,0,0.0,[]
2020-11-16 00:20:00+00:00,0,0,0.0,[]
2020-11-16 00:25:00+00:00,0,0,0.0,[]
2020-11-16 00:30:00+00:00,0,0,0.0,[]
2020-11-16 00:35:00+00:00,0,0,0.0,[]
2020-11-16 00:40:00+00:00,0,0,0.0,[]
2020-11-16 00:45:00+00:00,0,0,0.0,[]
2020-11-16 00:50:00+00:00,0,0,0.0,[]
2020-11-16 00:55:00+00:00,0,0,0.0,[]
2020-11-16 01:00:00+00:00,0,0,0.0,[]
2020-11-16 01:05:00+00:00,0,0,0.0,[]
2020-11-16 01:10:00+00:00,0,0,0.0,[]
2020-11-16 01:15:00+00:00,0,0,0.0,[]
2020-11-16 01:20:00+00:00,0,0,0.0,[]
2020-11-16 01:25:00+00:00,0,0,0.0,[]
2020-11-16 01:30:00+00:00,0,0,0.0,[]
2020-11-16 01:35:00+00:00,0,0,0.0,[]
2020-11-16 01:40:00+00:00,0,0,0.0,[]
2020-11-16 01:45:00+00:00,0,0,0.0,[]
2020-11-16 01:50:00+00:00,0,0,0.0,[]
2020-11-16 01:55:00+00:00,0,0,0.0,[]
2020-11-16 02:00:00+00:00,0,0,0.0,[]
2020-11-16 02:05:00+00:00,0,0,0.0,[]
2020-11-16 02:10:00+00:00,0,0,0.0,[]
2020-11-16 02:15:00+00:00,0,0,0.0,[]
2020-11-16 02:20:00+00:00,0,0,0.0,[]
2020-11-16 02:25:00+00:00,0,0,0.0,[]
2020-11-16 02:30:00+00:00,0,0,0.0,[]
2020-11-16 02:35:00+00:00,0,0,0.0,[]
2020-11-16 02:40:00+00:00,0,0,0.0,[]
2020-11-16 02:45:00+00:00,0,0,0.0,[]
2020-11-16 02:50:00+00:00,0,0,0.0,[]
2020-11-16 02:55:00+00:00,0,0,0.0,[]
2020-11-16 03:00:00+00:00,0,0,0.0,[]
2020-11-16 03:05:00+00:00,0,0,0.0,[]
2020-11-16 03:10:00+00:00,0,0,0.0,[]
2020-11-16 03:15:00+00:00,0,0,0.0,[]
2020-11-16 03:20:00+00:00,0,0,0.0,[]
2020-11-16 03:25:00+00:00,0,0,0.0,[]
2020-11-16 03:30:00+00:00,0,0,0.0,[]
2020-11-16 03:35:00+00:00,0,0,0.0,[]
2020-11-16 03:40:00+00:00,0,0,0.0,[]
2020-11-16 03:45:00+00:00,0,0,0.0,[]
2020-11-16 03:50:00+00:00,0,0,0.0,[]
2020-11-16 03:55:00+00:00,0,0,0.0,[]
2020-11-16 04:00:00+00:00,0,0,0.0,[]
2020-11-16 04:05:00+00:00,0,0,0.0,[]
2020-11-16 04:10:00+00:00,0,0,0.0,[]
2020-11-16 04:15:00+00:00,0,0,0.0,[]
2020-11-16 04:20:00+00:00,0,0,0.0,[]
2020-11-16 04:25:00+00:00,0,0,0.0,[]
2020-11-16 04:30:00+00:00,0,0,0.0,[]
2020-11-16 04:35:00+00:00,0,0,0.0,[]
2020-11-16 04:40:00+00:00,0,0,0.0,[]
2020-11-16 04:45:00+00:00,0,0,0.0,[]
2020-11-16 04:50:00+00:00,0,0,0.0,[]
2020-11-16 04:55:00+00:00,0,0,0.0,[]
2020-11-16 05:00:00+00:00,0,0,0.0,[]
2020-11-16 05:05:00+00:00,0,0,0.0,[]
2020-11-16 05:10:00+00:00,0,0,0.0,[]
2020-11-16 05:15:00+00:00,0,0,0.0,[]
2020-11-16 05:20:00+00:00,0,0,0.0,[]
2020-11-16 05:25:00+00:00,0,0,0.0,[]
2020-11-16 05:30:00+00:00,0,0,0.0,[]
2020-11-16 05:35:00+00:00,0,0,0.0,[]
2020-11-16 05:40:00+00:00,0,0,0.0,[]
2020-11-16 05:45:00+00:00,0,0,0.0,[]
2020-11-16 05:50:00+00:00,0,0,0.0,[]
2020-11-16 05:55:00+00:00,0,0,0.0,[]
2020-11-16 06:00:00+00:00,0,0,0.0,[]
2020-11-16 06:05:00+00:00,0,0,0.0,[]
2020-11-16 06:10:00+00:00,0,0,0.0,[]
2020-11-16 06:15:00+00:00,0,0,0.0,[]
2020-11-16 06:20:00+00:00,0,0,0.0,[]
2020-11-16 06:25:00+00:00,0,0,0.0,[]
2020-11-16 06:30:00+00:00,0,0,0.0,[]
2020-11-16 06:35:00+00:00,0,0,0.0,[]
2020-11-16 06:40:00+00:00,0,0,0.0,[]
2020-11-16 06:45:00+00:00,0,0,0.0,[]
2020-11-16 06:50:00+00:00,0,0,0.0,[]
2020-11-16 06:55:00+00:00,0,0,0.0,[]
2020-11-16 07:00:00+00:00,0,0,0.0,[]
2020-11-16 07:05:00+00:00,0,0,0.0,[]
2020-11-16 07:10:00+00:00,0,0,0.0,[]
2020-11-16 07:15:00+00:00,0,0,0.0,[]
2020-11-16 07:20:00+00:00,0,0,0.0,[]
2020-11-16 07:25:00+00:00,0,0,0.0,[]
2020-11-16 07:30:00+00:00,0,0,0.0,[]
2020-11-16 07:35:00+00:00,0,0,0.0,[]
2020-11-16 07:40:00+00:00,0,0,0.0,[]
2020-11-16 07:45:00+00:00,0,0,0.0,[]
2020-11-16 07:50:00+00:00,0,0,0.0,[]
2020-11-16 07:55:00+00:00,0,0,0.0,[]
2020-11-16 08:00:00+00:00,0,0,0.0,[]
2020-11-16 08:05:00+00:00,0,0,0.0,[]
2020-11-16 08:10:00+00:00,0,0,0.0,[]
2020-11-16 08:15:00+00:00,0,0,0.0,[]
2020-11-16 08:20:00+00:00,0,0,0.0,[]
2020-11-16 08:25:00+00:00,0,0,0.0,[]
2020-11-16 08:30:00+00:00,0,0,0.0,[]
2020-11-16 08:35:00+00:00,0,0,0.0,[]
2020-11-16 08:40:00+00:00,0,0,0.0,[]
2020-11-16 08:45:00+00:00,0,0,0.0,[]
2020-11-16 08:50:00+00:00,0,0,0.0,[]
2020-11-16 08:55:00+00:00,0,0,0.0,[]
2020-11-16 09:00:00+00:00,0,0,0.0,[]
2020-11-16 09:05:00+00:00,0,0,0.0,[]
2020-11-16 09:10:00+00:00,0,0,0.0,[]
2020-11-16 09:15:00+00:00,0,0,0.0,[]
2020-11-16 09:20:00+00:00,0,0,0.0,[]
2020-11-16 09:25:00+00:00,0,0,0.0,[]
2020-11-16 09:30:00+00:00,0,0,0.0,[]
2020-11-16 09:35:00+00:00,0,0,0.0,[]
2020-11-16 09:40:00+00:00,0,0,0.0,[]
2020-11-16 09:45:00+00:00,0,0,0.0,[]
2020-11-16 09:50:00+00:00,0,0,0.0,[]
2020-11-16 09:55:00+00:00,0,0,0.0,[]
2020-11-16 10:00:00+00:00,0,0,0.0,[]
2020-11-16 10:05:00+00:00,0,0,0.0,[]
2020-11-16 10:10:00+00:00,0,0,0.0,[]
2020-11-16 10:15:00+00:00,0,0,0.0,[]
2020-11-16 10:20:00+00:00,0,0,0.0,[]
2020-11-16 10:25:00+00:00,0,0,0.0,[]
2020-11-16 10:30:00+00:00,0,0,0.0,[]
2020-11-16 10:35:00+00:00,0,0,0.0,[]
2020-11-16 10:40:00+00:00,0,0,0.0,[]
2020-11-16 10:45:00+00:00,0,0,0.0,[]
2020-11-16 10:50:00+00:00,200,0,1.0,[200]
